TRUE_TIME,TIME,USFLUX,MEANGAM,MEANGBT,MEANGBZ,MEANGBH,MEANJZD,TOTUSJZ,MEANJZH,TOTUSJH,ABSNJZH,SAVNCPP,MEANPOT,TOTPOT,MEANSHR,SHRGT45,R_VALUE,AREA_ACR
2014.10.02_11:24:00_TAI,22.6,5.184676e+21,24.324,93.820,94.497,33.391,0.26697111,4.350797e+12,0.00514629,213.214,40.795,1.439602e+12,1.414967e+03,1.489781e+22,18.796,0.959,3.919,128.163864
2014.10.02_11:36:00_TAI,22.8,5.181260e+21,24.384,93.384,93.940,33.328,0.17529069,4.429676e+12,0.00549807,216.607,43.600,1.316593e+12,1.431210e+03,1.507263e+22,18.954,0.883,3.903,125.044174
2014.10.02_11:48:00_TAI,23.0,5.158084e+21,24.715,92.320,92.702,33.059,0.18729384,4.363008e+12,0.00508006,213.226,40.356,1.240268e+12,1.417028e+03,1.494962e+22,19.150,1.284,3.914,126.381378
2014.10.02_12:00:00_TAI,23.2,5.138128e+21,24.567,93.050,93.485,33.445,0.20366657,4.301614e+12,0.00475383,211.955,37.341,1.115952e+12,1.441240e+03,1.503471e+22,19.044,1.133,4.000,122.794136
2014.10.02_12:12:00_TAI,23.4,5.152147e+21,24.734,92.832,93.536,32.956,0.17837746,4.361798e+12,0.00514712,213.669,40.606,1.277149e+12,1.426169e+03,1.494189e+22,19.138,1.382,4.207,123.753525
2014.10.02_12:24:00_TAI,23.6,5.248925e+21,24.967,92.148,93.090,32.889,0.18630627,4.532289e+12,0.00473180,217.136,38.484,1.131891e+12,1.409883e+03,1.522812e+22,19.316,1.475,4.325,123.544411
2014.10.02_12:36:00_TAI,23.8,5.212089e+21,25.004,93.482,94.282,33.807,0.17732741,4.577198e+12,0.00415167,221.489,33.296,8.206546e+11,1.448051e+03,1.542307e+22,19.618,1.958,4.700,124.664551
2014.10.02_12:48:00_TAI,24.0,5.251993e+21,24.907,93.238,93.988,33.292,0.24465105,4.520422e+12,0.00462625,219.122,37.232,1.294988e+12,1.443382e+03,1.542702e+22,19.531,1.615,4.760,123.810410
2014.10.02_13:00:00_TAI,24.2,5.249598e+21,24.979,93.484,94.208,33.429,0.26882011,4.598502e+12,0.00489005,222.356,39.443,1.268721e+12,1.433234e+03,1.535282e+22,19.395,1.872,4.765,126.383034
2014.10.02_13:12:00_TAI,24.4,5.209447e+21,25.012,95.433,96.664,34.486,0.35561025,4.697467e+12,0.00482303,223.834,38.276,1.486890e+12,1.479288e+03,1.559075e+22,19.625,1.802,4.831,126.878090
2014.10.02_13:24:00_TAI,24.6,5.208595e+21,24.996,95.273,96.320,34.415,0.26899621,4.733427e+12,0.00421286,225.173,33.518,1.142953e+12,1.488834e+03,1.573091e+22,19.627,1.873,4.887,125.566200
2014.10.02_13:36:00_TAI,24.8,5.200715e+21,25.141,94.596,95.330,34.602,0.33350539,4.773711e+12,0.00383485,226.921,30.790,1.410715e+12,1.464809e+03,1.561906e+22,19.699,2.080,4.755,126.233719
2014.10.02_13:48:00_TAI,25.0,5.227561e+21,24.733,95.828,96.860,34.102,0.28815490,4.650890e+12,0.00450388,224.083,35.941,1.379339e+12,1.467714e+03,1.555453e+22,19.457,1.667,4.845,133.110596
2014.10.02_14:00:00_TAI,25.2,5.277584e+21,24.373,97.036,98.203,34.086,0.31113085,4.537958e+12,0.00417866,220.633,33.287,1.305992e+12,1.448163e+03,1.532425e+22,19.139,1.268,4.840,139.414093
2014.10.02_14:12:00_TAI,25.4,5.386801e+21,24.660,97.239,98.619,34.356,0.15636553,4.712241e+12,0.00357524,228.370,29.278,6.745388e+11,1.469903e+03,1.598572e+22,19.436,1.795,4.696,143.368958
2014.10.02_14:24:00_TAI,25.6,5.387567e+21,24.893,98.364,99.903,34.917,0.20535964,4.898958e+12,0.00414766,232.831,33.907,1.268692e+12,1.485725e+03,1.613016e+22,19.521,2.165,4.834,141.547806
2014.10.02_14:36:00_TAI,25.8,5.399198e+21,25.731,98.923,101.005,35.099,0.16138160,5.078414e+12,0.00380359,235.449,31.486,7.037026e+11,1.504101e+03,1.653541e+22,20.256,2.948,4.710,139.297501
2014.10.02_14:48:00_TAI,26.0,5.540187e+21,26.014,99.246,101.584,35.268,0.19130540,5.403521e+12,0.00396317,245.866,33.893,8.852839e+11,1.528975e+03,1.736524e+22,20.616,3.531,4.567,143.063019
2014.10.02_15:00:00_TAI,26.2,5.545516e+21,25.622,100.564,102.334,35.443,0.27654865,5.373572e+12,0.00403798,249.082,34.056,1.228982e+12,1.566439e+03,1.755149e+22,20.624,3.094,4.574,147.148880
2014.10.02_15:12:00_TAI,26.4,5.604033e+21,26.062,100.137,102.267,35.672,0.30098584,5.534983e+12,0.00418582,253.902,35.805,1.432546e+12,1.591380e+03,1.807822e+22,20.786,3.390,4.754,155.795990
2014.10.02_15:24:00_TAI,26.6,5.616535e+21,25.518,101.526,103.416,36.466,0.26066345,5.456533e+12,0.00445958,254.539,37.358,1.592724e+12,1.600641e+03,1.780717e+22,20.348,2.996,4.733,156.207825
2014.10.02_15:36:00_TAI,26.8,5.856923e+21,25.871,102.042,104.223,36.953,-0.01225968,6.160678e+12,0.00557339,278.925,49.447,2.485865e+12,1.617377e+03,1.905659e+22,21.045,3.145,4.630,162.326691
2014.10.02_15:48:00_TAI,27.0,5.988921e+21,25.688,104.324,106.336,37.459,0.18755785,6.340599e+12,0.00593675,290.537,53.484,2.266455e+12,1.626043e+03,1.945455e+22,21.002,3.319,4.760,161.663681
2014.10.02_16:00:00_TAI,27.2,5.992893e+21,25.963,104.928,107.161,37.355,0.29875425,6.368772e+12,0.00451217,295.842,40.510,1.697242e+12,1.682961e+03,2.006625e+22,21.240,3.564,4.743,160.514267
2014.10.02_16:12:00_TAI,27.4,6.153467e+21,26.960,103.823,105.727,38.425,0.35273218,6.851869e+12,0.00445232,312.182,41.687,1.893052e+12,1.779924e+03,2.213480e+22,22.336,4.966,4.736,162.842850
2014.10.02_16:24:00_TAI,27.6,6.426794e+21,27.005,105.089,107.428,38.471,0.36497703,7.177184e+12,0.00467655,329.112,45.826,1.883492e+12,1.796625e+03,2.338039e+22,22.499,5.235,4.780,164.249847
2014.10.02_16:36:00_TAI,27.8,6.714731e+21,27.321,104.232,106.224,38.768,0.28538373,7.712606e+12,0.00386620,351.173,40.290,1.566201e+12,1.803225e+03,2.495582e+22,23.107,5.834,4.881,170.905151
2014.10.02_16:48:00_TAI,28.0,7.010101e+21,27.444,105.343,106.931,39.825,0.13071828,8.414778e+12,0.00322099,368.790,35.734,7.637057e+11,1.755039e+03,2.585756e+22,23.080,5.489,4.774,176.225021
2014.10.02_17:00:00_TAI,28.2,7.154082e+21,27.558,103.334,104.807,39.443,0.29374659,8.705504e+12,0.00358266,374.974,41.247,1.780968e+12,1.703789e+03,2.605055e+22,23.071,5.463,4.611,174.188141
2014.10.02_17:12:00_TAI,28.4,7.385411e+21,28.054,101.384,102.498,38.558,0.30103260,9.138390e+12,0.00319254,380.504,39.013,1.937196e+12,1.636246e+03,2.655414e+22,23.340,6.236,4.772,171.265213
2014.10.02_17:24:00_TAI,28.6,7.413123e+21,27.132,99.878,101.326,38.094,0.32122302,8.889112e+12,0.00333819,373.245,40.973,2.076233e+12,1.567797e+03,2.555575e+22,22.560,4.864,4.583,172.902512
2014.10.02_17:36:00_TAI,28.8,7.452299e+21,27.074,98.286,99.761,36.864,0.26763067,8.475646e+12,0.00320949,365.977,39.673,1.742080e+12,1.576418e+03,2.587841e+22,22.286,4.530,4.558,175.541565
2014.10.02_17:48:00_TAI,29.0,7.585875e+21,27.356,97.149,98.559,36.225,0.21302584,8.533305e+12,0.00335266,365.173,42.797,1.432061e+12,1.554524e+03,2.635512e+22,22.464,5.005,4.664,181.096313
2014.10.02_18:24:00_TAI,29.6,7.533404e+21,28.118,97.511,99.177,35.052,0.25651067,8.298551e+12,0.00326916,355.427,41.623,1.719895e+12,1.560315e+03,2.638490e+22,22.670,6.385,4.640,206.721390
2014.10.02_18:36:00_TAI,29.8,7.525329e+21,27.301,99.169,101.034,35.588,0.32022771,8.233292e+12,0.00331082,363.096,41.077,2.092136e+12,1.551823e+03,2.556945e+22,22.010,5.537,4.446,209.200073
2014.10.02_18:48:00_TAI,30.0,7.452653e+21,27.279,99.774,101.673,36.172,0.37411639,8.036184e+12,0.00310477,356.513,37.617,2.386872e+12,1.612956e+03,2.595340e+22,21.838,5.315,4.328,213.682297
2014.10.02_19:00:00_TAI,30.2,7.473903e+21,28.209,101.196,103.506,36.708,0.35626265,8.248583e+12,0.00364974,363.723,44.377,2.281217e+12,1.722637e+03,2.781889e+22,22.365,6.332,4.216,219.501862
2014.10.02_19:12:00_TAI,30.4,7.514378e+21,29.007,101.750,103.610,37.742,0.26164949,8.657814e+12,0.00321163,375.849,39.076,1.676357e+12,1.819854e+03,2.940578e+22,23.209,7.627,3.979,224.719940
2014.10.02_19:24:00_TAI,30.6,7.379645e+21,28.904,103.134,105.541,38.602,0.43882459,8.550857e+12,0.00387048,385.032,45.443,2.713064e+12,1.929146e+03,3.008033e+22,23.446,8.159,4.282,225.403412
2014.10.02_19:36:00_TAI,30.8,7.374445e+21,27.558,106.468,109.205,40.186,0.36738828,8.500744e+12,0.00557907,394.451,63.300,2.594233e+12,2.011570e+03,3.031299e+22,22.646,6.213,4.111,229.222061
2014.10.02_19:48:00_TAI,31.0,7.350002e+21,28.177,108.050,110.311,40.562,0.53961062,8.529908e+12,0.00518749,404.640,58.204,3.309734e+12,2.136277e+03,3.183477e+22,22.770,6.319,4.155,228.791183
2014.10.02_20:00:00_TAI,31.2,7.379243e+21,29.139,109.214,112.046,42.682,0.51323688,8.943821e+12,0.00484943,420.797,54.057,3.012633e+12,2.310449e+03,3.420322e+22,23.578,8.280,4.204,233.446411
2014.10.02_20:12:00_TAI,31.4,7.512896e+21,28.730,109.602,112.352,43.745,0.44087023,9.386403e+12,0.00480630,456.432,53.816,2.599479e+12,2.424144e+03,3.604729e+22,23.378,7.984,4.251,239.448822
2014.10.02_20:24:00_TAI,31.6,7.744388e+21,28.539,110.452,113.538,42.711,0.34215596,9.565139e+12,0.00476990,469.606,54.601,2.418387e+12,2.394509e+03,3.640161e+22,23.455,7.198,4.405,238.030136
2014.10.02_20:36:00_TAI,31.8,7.962548e+21,28.724,109.159,111.413,43.289,0.22100680,9.831888e+12,0.00382332,484.774,45.050,2.259808e+12,2.428304e+03,3.799895e+22,23.497,6.866,4.233,248.493896
2014.10.02_20:48:00_TAI,32.0,8.228574e+21,29.121,109.856,114.748,43.047,0.30901766,1.011101e+13,0.00499467,507.497,60.615,2.587443e+12,2.746622e+03,4.426771e+22,24.295,8.116,4.083,248.961288
2014.10.02_21:00:00_TAI,32.2,8.633766e+21,29.267,106.616,109.330,41.875,0.42420948,1.026579e+13,0.00386085,519.841,49.002,2.835326e+12,2.534644e+03,4.272280e+22,24.024,7.690,4.216,252.931229
2014.10.02_21:12:00_TAI,32.4,8.906707e+21,30.450,104.099,107.550,41.720,0.46415830,1.084536e+13,0.00313939,545.979,41.999,3.270061e+12,2.652033e+03,4.711756e+22,25.168,10.076,4.646,252.173721
2014.10.02_21:24:00_TAI,32.6,9.354394e+21,30.404,103.167,105.577,41.997,0.37654933,1.114684e+13,0.00261884,569.369,36.603,2.771666e+12,2.731728e+03,5.070655e+22,24.752,9.086,4.441,256.583893
2014.10.02_21:36:00_TAI,32.8,9.682761e+21,29.727,105.364,111.475,42.314,0.33266467,1.154901e+13,0.00797234,581.518,114.881,4.106953e+12,2.958365e+03,5.661460e+22,24.262,8.071,4.116,259.913330
2014.10.02_21:48:00_TAI,33.0,1.003192e+22,30.194,105.174,109.291,41.198,0.38941178,1.182502e+13,0.00215908,607.657,32.561,3.092848e+12,2.958164e+03,5.924681e+22,24.866,8.640,4.017,265.718201
2014.10.02_22:00:00_TAI,33.2,1.014208e+22,30.784,106.299,112.542,42.277,0.33410373,1.210773e+13,-0.00102596,627.854,15.621,2.679132e+12,3.162729e+03,6.395293e+22,25.138,9.595,4.375,259.543152
2014.10.02_22:12:00_TAI,33.4,1.070066e+22,30.581,100.472,103.456,40.190,0.36202389,1.208822e+13,0.00265841,611.031,42.795,3.069335e+12,2.784648e+03,5.953260e+22,24.752,8.498,4.067,273.861450
2014.10.02_22:24:00_TAI,33.6,1.085481e+22,30.545,100.042,102.735,40.511,0.27190831,1.229960e+13,0.00236493,619.569,38.811,2.350180e+12,2.771838e+03,6.041093e+22,24.707,8.318,4.047,274.915558
2014.10.02_22:36:00_TAI,33.8,1.148139e+22,29.554,98.760,101.605,39.671,0.31297582,1.305894e+13,0.00307592,646.378,53.198,2.850910e+12,2.612851e+03,6.001334e+22,23.735,7.193,4.085,286.623138
2014.10.02_22:48:00_TAI,34.0,1.172578e+22,30.332,97.998,99.891,39.223,0.18949626,1.316129e+13,0.00280682,653.487,50.062,1.780161e+12,2.737207e+03,6.483622e+22,24.566,8.645,4.043,289.466339
2014.10.02_23:00:00_TAI,34.2,1.196049e+22,29.681,99.351,103.307,39.175,0.26281351,1.322168e+13,0.00282556,672.885,50.905,2.494024e+12,2.695228e+03,6.448974e+22,23.826,7.709,4.120,289.609070
2014.10.02_23:12:00_TAI,34.4,1.236933e+22,29.330,97.396,100.104,38.605,0.26278114,1.326528e+13,0.00277944,667.500,52.053,2.592182e+12,2.517212e+03,6.260711e+22,23.461,6.536,4.254,294.666199
2014.10.02_23:24:00_TAI,34.6,1.238258e+22,29.235,96.548,99.204,38.176,0.28092280,1.305460e+13,0.00235111,671.059,43.961,2.766910e+12,2.480782e+03,6.160551e+22,23.147,6.450,4.156,305.016876
2014.10.02_23:36:00_TAI,34.8,1.259347e+22,29.550,97.575,100.606,37.911,0.24682514,1.339606e+13,0.00202343,681.485,38.854,2.496522e+12,2.456124e+03,6.263388e+22,23.454,7.145,4.050,309.821899
2014.10.02_23:48:00_TAI,35.0,1.297430e+22,29.385,96.464,99.189,37.301,0.18666571,1.354078e+13,0.00236221,686.527,46.843,1.949830e+12,2.346807e+03,6.180344e+22,22.873,6.687,3.901,322.018768
2014.10.03_00:00:00_TAI,35.2,1.305686e+22,29.136,98.649,105.000,37.939,0.16814798,1.398437e+13,0.00680182,707.592,136.492,4.258718e+12,2.567192e+03,6.841533e+22,23.232,6.957,3.927,329.421051
2014.10.03_00:12:00_TAI,35.4,1.336017e+22,29.342,95.892,98.634,37.167,0.24609330,1.394391e+13,0.00315233,697.540,65.357,2.687766e+12,2.278526e+03,6.273771e+22,23.373,7.134,3.992,333.681732
2014.10.03_00:24:00_TAI,35.6,1.329019e+22,29.372,96.331,98.620,36.888,0.22186965,1.374563e+13,0.00275385,701.584,56.360,2.392052e+12,2.345118e+03,6.373974e+22,23.412,7.486,3.958,331.877106
2014.10.03_00:36:00_TAI,35.8,1.335827e+22,29.162,96.795,99.938,37.756,0.17077358,1.382649e+13,0.00319800,707.807,65.578,2.029001e+12,2.369963e+03,6.454094e+22,23.350,7.047,3.893,336.753387
2014.10.03_00:48:00_TAI,36.0,1.349178e+22,29.297,97.001,99.602,37.693,0.10019371,1.436385e+13,0.00251475,722.136,52.510,1.102178e+12,2.329385e+03,6.459591e+22,23.559,7.275,4.001,344.407104
2014.10.03_01:00:00_TAI,36.2,1.348082e+22,29.469,97.653,100.167,37.799,0.10558847,1.416232e+13,0.00237359,707.991,49.470,1.159436e+12,2.364728e+03,6.545670e+22,23.627,7.417,3.824,348.088165
2014.10.03_01:12:00_TAI,36.4,1.345041e+22,29.783,98.616,101.406,37.893,0.15422662,1.418777e+13,0.00237644,711.024,49.447,1.690630e+12,2.403888e+03,6.642572e+22,23.764,7.752,3.765,342.216461
2014.10.03_01:24:00_TAI,36.6,1.359380e+22,29.460,98.549,100.920,38.030,0.17032616,1.455654e+13,0.00209194,729.673,44.029,1.888692e+12,2.397477e+03,6.701271e+22,23.717,7.355,3.871,344.892181
2014.10.03_01:36:00_TAI,36.8,1.358048e+22,29.524,98.566,101.167,37.630,0.17532982,1.436464e+13,0.00210206,713.085,44.288,1.946251e+12,2.412645e+03,6.750721e+22,23.820,7.646,3.933,348.136169
2014.10.03_01:48:00_TAI,37.0,1.371464e+22,29.781,97.519,100.416,37.434,0.19159380,1.448297e+13,0.00164683,719.112,35.234,2.159845e+12,2.395825e+03,6.807698e+22,24.131,7.651,3.850,346.953979
2014.10.03_02:00:00_TAI,37.2,1.367998e+22,29.708,98.460,101.441,37.881,0.19019248,1.503680e+13,0.00193677,736.666,41.247,2.134272e+12,2.461420e+03,6.962048e+22,24.344,8.226,3.890,348.605469
2014.10.03_02:12:00_TAI,37.4,1.366975e+22,29.840,98.614,101.257,39.020,0.20700318,1.523006e+13,0.00207292,756.940,44.031,2.316745e+12,2.493772e+03,7.034679e+22,24.361,8.135,3.840,351.087128
2014.10.03_02:24:00_TAI,37.6,1.372806e+22,29.445,99.712,102.177,39.548,0.24951863,1.558104e+13,0.00327024,761.857,69.525,2.931120e+12,2.503595e+03,7.068707e+22,24.332,7.850,3.802,355.632385
2014.10.03_02:36:00_TAI,37.8,1.373617e+22,29.874,100.313,102.594,39.641,0.17303292,1.553391e+13,0.00198840,763.390,42.210,1.935445e+12,2.532163e+03,7.138600e+22,24.462,8.159,3.895,357.073700
2014.10.03_02:48:00_TAI,38.0,1.361529e+22,29.709,103.269,107.844,40.210,0.13634399,1.529310e+13,0.00242795,739.234,50.754,1.649470e+12,2.815402e+03,7.815962e+22,24.687,8.305,3.799,357.195496
2014.10.03_03:00:00_TAI,38.2,1.354849e+22,29.736,104.915,109.568,40.620,0.16325134,1.560755e+13,0.00210874,755.008,43.474,1.773453e+12,2.882282e+03,7.891389e+22,24.831,8.658,3.934,358.676392
2014.10.03_03:12:00_TAI,38.4,1.342704e+22,29.775,102.674,105.535,40.841,0.11853284,1.551574e+13,0.00164303,770.058,33.169,1.260949e+12,2.740794e+03,7.348222e+22,24.497,8.262,4.052,363.323090
2014.10.03_03:24:00_TAI,38.6,1.322954e+22,29.550,104.127,106.774,41.736,0.26238492,1.519615e+13,0.00184893,768.007,36.189,2.706252e+12,2.809801e+03,7.303743e+22,24.288,8.026,3.638,365.623108
2014.10.03_03:36:00_TAI,38.8,1.303754e+22,30.054,105.643,108.465,42.450,0.25533548,1.524965e+13,0.00184993,759.293,35.717,2.597791e+12,2.864804e+03,7.345514e+22,24.920,8.852,3.901,371.781952
2014.10.03_03:48:00_TAI,39.0,1.283582e+22,29.976,107.320,110.172,42.784,0.19865203,1.548197e+13,0.00171334,782.635,32.144,1.964066e+12,2.955507e+03,7.364168e+22,24.559,8.592,3.881,378.132416
2014.10.03_04:00:00_TAI,39.2,1.249051e+22,30.245,107.323,110.190,42.799,0.24109228,1.508681e+13,0.00356581,770.159,64.794,3.048859e+12,3.039840e+03,7.336516e+22,24.956,8.716,3.831,381.434357
2014.10.03_04:12:00_TAI,39.4,1.235011e+22,29.932,108.591,111.488,42.963,0.23880439,1.449377e+13,0.00383568,755.474,68.095,3.728166e+12,3.078323e+03,7.258509e+22,24.397,7.925,3.817,378.112885
2014.10.03_04:24:00_TAI,39.6,1.232307e+22,30.266,108.105,111.568,42.665,0.17070709,1.496183e+13,0.00373548,775.488,66.858,2.938098e+12,3.098737e+03,7.365493e+22,24.706,9.051,4.054,376.557892
2014.10.03_04:36:00_TAI,39.8,1.232318e+22,30.614,108.033,111.356,42.556,0.16051607,1.504565e+13,0.00342506,773.650,62.035,2.840081e+12,3.110903e+03,7.482822e+22,25.004,9.369,4.037,383.892365
2014.10.03_04:48:00_TAI,40.0,1.241327e+22,30.305,108.007,111.285,42.086,0.15409467,1.534250e+13,0.00351014,786.256,64.478,3.041089e+12,3.098755e+03,7.559365e+22,24.358,8.846,3.992,385.977020
2014.10.03_05:00:00_TAI,40.2,1.258569e+22,30.259,108.346,111.143,42.529,0.11255660,1.516569e+13,0.00329314,774.207,61.671,3.259790e+12,3.123586e+03,7.768448e+22,24.313,8.992,3.996,389.434814
2014.10.03_05:12:00_TAI,40.4,1.271048e+22,30.926,107.203,109.687,41.806,0.04673649,1.531196e+13,0.00301106,765.749,58.210,3.066313e+12,3.056915e+03,7.848248e+22,24.631,9.451,4.102,394.044220
2014.10.03_05:24:00_TAI,40.6,1.324553e+22,30.556,105.578,108.033,40.618,0.00021504,1.585076e+13,0.00311398,781.931,64.017,3.839254e+12,2.923512e+03,7.981755e+22,24.359,8.975,4.003,400.024475
2014.10.03_05:36:00_TAI,40.8,1.339645e+22,30.899,105.049,107.984,40.566,-0.00908598,1.616596e+13,0.00247739,794.476,52.018,2.080068e+12,2.942016e+03,8.203796e+22,24.707,9.744,3.937,397.041351
2014.10.03_05:48:00_TAI,41.0,1.349341e+22,31.023,105.070,107.204,40.676,-0.00200031,1.606396e+13,0.00183332,783.556,38.899,1.377036e+12,2.932173e+03,8.262407e+22,24.765,9.713,4.084,404.540863
2014.10.03_06:24:00_TAI,41.6,1.407655e+22,31.141,102.606,103.721,40.085,0.04056206,1.665167e+13,0.00169128,768.793,38.587,1.831163e+12,2.774697e+03,8.408251e+22,25.066,9.563,3.975,412.539246
2014.10.03_06:36:00_TAI,41.8,1.440100e+22,31.287,101.938,103.237,39.885,0.00763040,1.726147e+13,0.00122495,789.235,28.946,4.166510e+11,2.712103e+03,8.511038e+22,25.305,9.903,3.883,411.234589
2014.10.03_06:48:00_TAI,42.0,1.452944e+22,31.193,100.698,101.763,39.875,0.08967152,1.745968e+13,0.00198242,794.355,47.425,1.368116e+12,2.719579e+03,8.640682e+22,25.086,9.380,4.099,415.891266
2014.10.03_07:00:00_TAI,42.2,1.469515e+22,31.451,100.754,101.677,40.459,0.04420756,1.797297e+13,0.00150599,809.175,36.669,6.762307e+11,2.738696e+03,8.856363e+22,25.575,9.745,4.105,422.739288
2014.10.03_07:12:00_TAI,42.4,1.472072e+22,31.714,101.444,102.638,40.745,-0.02650458,1.839894e+13,0.00145245,823.733,35.514,3.415283e+11,2.818888e+03,9.153872e+22,25.940,10.400,3.993,415.447662
2014.10.03_07:24:00_TAI,42.6,1.487117e+22,31.788,100.621,101.637,40.972,-0.03220016,1.891337e+13,0.00102075,841.126,25.184,4.186644e+11,2.869067e+03,9.401026e+22,26.330,10.931,4.146,413.343353
2014.10.03_07:36:00_TAI,42.8,1.461555e+22,32.369,100.222,101.546,41.297,0.07205664,1.940222e+13,0.00101694,852.178,24.762,9.245987e+11,2.946376e+03,9.527955e+22,27.006,11.860,4.225,415.483185
2014.10.03_07:48:00_TAI,43.0,1.426883e+22,32.483,102.346,103.403,42.625,0.09066659,1.943146e+13,0.00081139,868.499,18.941,1.115312e+12,3.072777e+03,9.526181e+22,27.103,11.952,4.164,419.297668
2014.10.03_08:00:00_TAI,43.2,1.414721e+22,32.459,102.712,103.986,42.891,0.06887425,1.954907e+13,0.00117701,867.260,27.145,8.370271e+11,3.108540e+03,9.521048e+22,26.929,11.737,4.328,417.279999
2014.10.03_08:12:00_TAI,43.4,1.374389e+22,32.672,104.624,106.605,44.064,0.01713623,1.914379e+13,0.00093078,856.052,20.499,6.819136e+11,3.265192e+03,9.549878e+22,27.535,12.641,4.295,417.834717
2014.10.03_08:24:00_TAI,43.6,1.353222e+22,32.579,105.020,106.380,44.466,-0.01411533,1.818499e+13,0.00178741,832.399,37.923,6.508091e+11,3.418434e+03,9.632611e+22,27.220,12.499,4.276,427.107300
2014.10.03_08:36:00_TAI,43.8,1.319669e+22,32.286,104.090,106.222,44.181,-0.00753015,1.711941e+13,0.00236017,804.942,47.997,1.393195e+12,3.489453e+03,9.424004e+22,26.963,12.072,4.328,426.042175
2014.10.03_08:48:00_TAI,44.0,1.295544e+22,32.001,103.742,106.311,43.455,-0.11163695,1.639513e+13,0.00234713,789.715,46.213,1.935523e+12,3.536876e+03,9.248645e+22,26.473,11.585,4.331,430.790649
2014.10.03_09:00:00_TAI,44.2,1.257468e+22,31.850,104.791,107.220,43.812,0.03581019,1.576224e+13,0.00215358,768.073,40.595,1.819153e+12,3.684046e+03,9.222506e+22,26.290,11.305,4.265,436.975494
2014.10.03_09:12:00_TAI,44.4,1.241830e+22,31.990,103.967,106.145,43.248,-0.14796217,1.522983e+13,0.00096236,758.568,17.883,1.448704e+12,3.745003e+03,9.242311e+22,26.404,11.559,4.323,431.979675
2014.10.03_09:24:00_TAI,44.6,1.243445e+22,32.047,104.088,106.387,42.730,-0.08639696,1.527118e+13,0.00165418,757.309,30.999,1.158662e+12,3.740643e+03,9.309544e+22,26.365,11.756,4.241,445.092133
2014.10.03_09:36:00_TAI,44.8,1.271971e+22,31.771,101.629,104.045,41.815,-0.15649587,1.534358e+13,0.00086918,750.052,16.835,1.596988e+12,3.633769e+03,9.347103e+22,25.918,11.049,4.195,447.269592
2014.10.03_09:48:00_TAI,45.0,1.282793e+22,31.777,101.116,102.863,41.438,-0.20417608,1.546329e+13,0.00024372,760.875,4.784,2.111245e+12,3.597786e+03,9.377817e+22,25.702,11.245,4.366,448.682037
2014.10.03_10:00:00_TAI,45.2,1.285224e+22,31.869,100.779,102.368,41.204,-0.27196714,1.562460e+13,0.00080702,763.494,15.931,2.828626e+12,3.623417e+03,9.499967e+22,25.852,11.281,4.306,452.875122
2014.10.03_10:12:00_TAI,45.4,1.285612e+22,31.802,101.221,102.528,41.771,-0.08747054,1.581879e+13,0.00118321,772.988,23.328,1.353696e+12,3.586632e+03,9.391614e+22,25.780,10.970,4.401,451.538147
2014.10.03_10:24:00_TAI,45.6,1.296341e+22,31.538,101.041,102.433,41.786,-0.14538231,1.554437e+13,0.00012972,762.307,2.587,1.527450e+12,3.686383e+03,9.763946e+22,25.677,10.685,4.337,456.465729
2014.10.03_10:36:00_TAI,45.8,1.304655e+22,31.485,101.103,102.798,41.686,-0.13538532,1.556958e+13,0.00117004,763.826,23.539,1.434784e+12,3.664373e+03,9.790323e+22,25.624,10.632,4.303,458.493500
2014.10.03_10:48:00_TAI,46.0,1.297417e+22,31.286,101.196,103.316,41.335,-0.12417626,1.535564e+13,0.00122934,753.693,24.460,1.301496e+12,3.692488e+03,9.757065e+22,25.421,10.363,4.270,458.153107
2014.10.03_11:00:00_TAI,46.2,1.318090e+22,31.459,100.693,102.570,40.901,-0.08513584,1.582819e+13,0.00090495,767.966,18.479,9.158282e+11,3.632686e+03,9.852322e+22,25.506,10.484,4.286,459.242096
2014.10.03_11:12:00_TAI,46.4,1.334798e+22,31.635,100.433,102.601,40.863,-0.06440634,1.627969e+13,0.00117285,771.090,24.589,7.407956e+11,3.560647e+03,9.914185e+22,25.618,10.689,4.257,460.717224
2014.10.03_11:24:00_TAI,46.6,1.341967e+22,31.499,98.866,100.534,40.245,-0.06852520,1.584375e+13,0.00084434,759.331,17.834,7.623616e+11,3.504788e+03,9.831264e+22,25.441,10.501,4.303,462.098022
2014.10.03_11:36:00_TAI,46.8,1.337142e+22,31.500,99.210,100.716,40.339,-0.05730877,1.563241e+13,0.00134278,749.417,28.243,6.348989e+11,3.530480e+03,9.862073e+22,25.530,10.821,4.168,461.851868
2014.10.03_11:48:00_TAI,47.0,1.354618e+22,31.612,98.677,100.471,39.849,-0.07190976,1.577850e+13,0.00104593,752.198,22.497,8.146210e+11,3.482148e+03,9.946727e+22,25.737,10.995,4.247,461.271942
2014.10.03_12:00:00_TAI,47.2,1.343335e+22,31.861,98.251,99.867,39.844,-0.03941957,1.579197e+13,0.00128188,745.768,27.399,4.437840e+11,3.526764e+03,1.001188e+23,25.892,11.003,4.383,454.221497
2014.10.03_12:12:00_TAI,47.4,1.358969e+22,31.492,98.405,99.921,39.947,-0.04271282,1.549917e+13,0.00128220,741.314,27.493,4.823955e+11,3.520080e+03,1.002515e+23,25.562,10.380,4.052,479.696106
2014.10.03_12:24:00_TAI,47.6,1.366567e+22,31.554,97.649,98.803,40.337,-0.09194185,1.595652e+13,0.00147926,758.186,31.924,1.044935e+12,3.534418e+03,1.012983e+23,25.702,10.630,4.212,480.097961
2014.10.03_12:36:00_TAI,47.8,1.372387e+22,31.852,97.480,98.553,40.330,-0.16136394,1.597139e+13,0.00171290,759.893,37.271,1.848995e+12,3.555640e+03,1.027470e+23,25.969,11.076,4.147,482.443115
2014.10.03_12:48:00_TAI,48.0,1.381525e+22,31.678,97.629,99.181,39.836,-0.04244941,1.580801e+13,0.00182790,752.221,39.828,8.393127e+11,3.495708e+03,1.011545e+23,25.727,10.850,4.232,479.492798
2014.10.03_13:00:00_TAI,48.2,1.378252e+22,31.667,97.536,98.813,40.076,-0.11774639,1.567130e+13,0.00164871,758.862,35.688,1.342107e+12,3.506847e+03,1.008108e+23,25.710,11.004,4.086,482.386292
2014.10.03_13:12:00_TAI,48.4,1.386391e+22,31.563,99.109,100.624,40.875,-0.15301493,1.602939e+13,0.00171451,759.959,37.239,1.750013e+12,3.508931e+03,1.012155e+23,25.686,10.617,4.254,486.938568
2014.10.03_13:24:00_TAI,48.6,1.396035e+22,31.655,98.565,100.096,40.931,0.03691610,1.611841e+13,0.00189814,771.942,41.385,6.803304e+11,3.512292e+03,1.016996e+23,25.858,10.934,4.192,489.512238
2014.10.03_13:36:00_TAI,48.8,1.386690e+22,31.960,99.089,100.549,40.762,0.04920929,1.594535e+13,0.00201714,764.380,43.604,5.600961e+11,3.610737e+03,1.036582e+23,26.092,11.514,4.088,492.604370
2014.10.03_13:48:00_TAI,49.0,1.371973e+22,32.047,99.773,101.604,41.643,-0.05282419,1.603054e+13,0.00323530,763.368,68.799,2.315675e+12,3.693983e+03,1.043213e+23,26.290,11.907,4.095,497.031891
2014.10.03_14:00:00_TAI,49.2,1.388893e+22,32.198,98.702,100.112,41.169,-0.04509227,1.656971e+13,0.00231640,780.615,50.372,5.390448e+11,3.640539e+03,1.051375e+23,26.441,12.168,4.007,493.682556
2014.10.03_14:12:00_TAI,49.4,1.396327e+22,32.585,98.989,100.617,40.925,0.00516916,1.670168e+13,0.00246914,776.055,54.267,9.181753e+11,3.673510e+03,1.072215e+23,26.746,12.808,3.966,492.380157
2014.10.03_14:24:00_TAI,49.6,1.375182e+22,32.589,100.920,104.143,41.476,0.00672197,1.734728e+13,0.00232075,791.633,50.270,5.668500e+11,3.783872e+03,1.088598e+23,27.282,13.175,4.159,500.117401
2014.10.03_14:36:00_TAI,49.8,1.381460e+22,32.745,98.586,99.618,41.389,-0.11965463,1.669396e+13,0.00174049,786.729,37.661,1.363081e+12,3.752472e+03,1.078369e+23,26.895,12.958,3.913,503.973450
2014.10.03_14:48:00_TAI,50.0,1.386726e+22,32.301,99.416,100.683,41.734,-0.02319025,1.696502e+13,0.00282372,802.248,60.699,1.607369e+12,3.702279e+03,1.056913e+23,26.385,12.188,3.913,511.914154
2014.10.03_15:00:00_TAI,50.2,1.391840e+22,32.372,98.506,99.963,41.630,0.00627559,1.709412e+13,0.00341541,802.316,73.841,4.496315e+12,3.682775e+03,1.057410e+23,26.592,12.428,3.880,510.556641
2014.10.03_15:12:00_TAI,50.4,1.379877e+22,33.021,99.936,102.006,42.473,-0.03074794,1.714204e+13,0.00295051,802.327,63.141,1.375298e+12,3.824990e+03,1.087068e+23,27.149,13.229,4.202,523.766968
2014.10.03_15:24:00_TAI,50.6,1.405170e+22,32.702,101.066,103.562,43.303,-0.04072604,1.786225e+13,0.00298648,840.751,65.013,1.001863e+12,3.791861e+03,1.096335e+23,27.133,12.746,4.030,532.997192
2014.10.03_15:36:00_TAI,50.8,1.433107e+22,32.715,100.146,101.833,43.378,0.03219152,1.798216e+13,0.00321125,842.387,71.270,1.429759e+12,3.721782e+03,1.096981e+23,MISSING,12.120,3.926,538.052063
2014.10.03_15:48:00_TAI,51.0,1.473266e+22,33.145,100.430,102.149,43.337,-0.02036804,1.895483e+13,0.00349050,871.563,80.707,1.575392e+12,3.713000e+03,1.140152e+23,27.174,12.495,4.191,541.887451
2014.10.03_16:00:00_TAI,51.2,1.511339e+22,33.349,99.767,101.520,43.193,0.02863237,1.936366e+13,0.00323871,878.990,77.693,1.963699e+12,3.660368e+03,1.166137e+23,27.392,13.010,3.892,547.298645
2014.10.03_16:12:00_TAI,51.4,1.571436e+22,33.098,101.364,103.407,43.368,0.05898376,2.061958e+13,0.00366687,919.078,92.647,3.228579e+12,3.550470e+03,1.191338e+23,27.194,12.483,4.067,542.581116
2014.10.03_16:24:00_TAI,51.6,1.636491e+22,32.979,100.597,101.583,43.129,0.06745787,2.126947e+13,0.00355544,939.624,94.984,3.496681e+12,3.387771e+03,1.201938e+23,26.827,11.836,3.826,539.380493
2014.10.03_16:36:00_TAI,51.8,1.675469e+22,32.852,100.382,101.203,42.903,0.05240241,2.178400e+13,0.00389950,963.927,107.135,3.635336e+12,3.359091e+03,1.225666e+23,26.952,12.189,3.976,545.241821
2014.10.03_16:48:00_TAI,52.0,1.703898e+22,32.946,99.836,101.059,42.720,0.10504557,2.196887e+13,0.00422896,971.287,118.906,5.294465e+12,3.331869e+03,1.244229e+23,MISSING,12.326,3.770,539.685120
2014.10.03_17:00:00_TAI,52.2,1.751425e+22,32.578,97.785,98.207,41.064,0.12019084,2.189135e+13,0.00350616,961.723,102.327,3.457107e+12,3.189869e+03,1.236445e+23,26.685,11.676,3.918,548.194275
2014.10.03_17:12:00_TAI,52.4,1.789906e+22,32.593,97.393,97.945,40.619,0.07112740,2.214277e+13,0.00313978,965.055,94.708,2.587972e+12,3.066917e+03,1.228621e+23,26.501,11.540,3.856,550.062866
2014.10.03_17:24:00_TAI,52.6,1.797233e+22,32.361,97.666,97.909,40.630,0.06510517,2.197706e+13,0.00329106,958.393,99.370,2.944704e+12,3.069157e+03,1.230700e+23,26.273,11.151,3.969,551.292175
2014.10.03_17:36:00_TAI,52.8,1.781973e+22,32.299,97.856,98.198,40.282,0.09108178,2.156763e+13,0.00290579,938.948,87.101,1.681822e+12,3.065025e+03,1.220211e+23,26.016,11.342,4.061,557.185730
2014.10.03_17:48:00_TAI,53.0,1.779848e+22,32.204,97.037,97.532,39.773,0.15910913,2.097592e+13,0.00362752,917.584,108.572,3.481761e+12,3.053521e+03,1.213724e+23,25.834,11.213,4.039,551.377563
2014.10.03_18:24:00_TAI,53.6,1.701141e+22,32.700,97.120,97.653,39.772,0.04001665,2.001729e+13,0.00345935,880.521,97.706,2.063606e+12,3.227172e+03,1.210532e+23,26.050,11.924,4.043,554.190613
2014.10.03_18:36:00_TAI,53.8,1.687572e+22,32.880,97.329,97.358,40.238,-0.01259091,1.991199e+13,0.00470053,888.874,131.102,4.949664e+12,3.279848e+03,1.214871e+23,26.083,12.201,4.004,559.249878
2014.10.03_18:48:00_TAI,54.0,1.646291e+22,33.020,98.438,98.909,40.714,-0.02801759,1.939960e+13,0.00536592,877.104,143.909,6.015557e+12,3.362022e+03,1.197535e+23,26.119,12.572,4.113,556.513794
2014.10.03_19:00:00_TAI,54.2,1.633115e+22,32.940,100.136,100.476,41.531,0.02815704,1.927800e+13,0.00540905,883.232,141.604,5.456009e+12,3.484120e+03,1.211319e+23,25.944,12.518,4.100,560.551331
2014.10.03_19:12:00_TAI,54.4,1.628612e+22,33.027,101.176,101.828,42.524,0.01494797,1.993399e+13,0.00594309,915.496,153.659,5.990787e+12,3.612156e+03,1.240339e+23,26.223,12.566,4.256,567.499939
2014.10.03_19:24:00_TAI,54.6,1.595913e+22,33.432,102.411,103.081,43.311,-0.01286372,1.985292e+13,0.00648114,926.164,161.685,6.122777e+12,3.773257e+03,1.250157e+23,26.563,13.404,4.041,560.527527
2014.10.03_19:36:00_TAI,54.8,1.591939e+22,33.379,102.883,103.809,43.849,0.01702417,1.985768e+13,0.00686957,932.112,168.215,6.217590e+12,3.880617e+03,1.262021e+23,26.513,13.513,4.065,566.713074
2014.10.03_19:48:00_TAI,55.0,1.595333e+22,33.396,103.400,104.578,44.281,-0.01849309,2.004148e+13,0.00720614,951.900,175.700,6.986043e+12,3.921588e+03,1.269825e+23,26.683,13.535,4.090,575.254211
2014.10.03_20:00:00_TAI,55.2,1.602963e+22,33.570,103.803,105.351,44.465,0.04940179,2.013947e+13,0.00687009,963.381,168.393,7.765456e+12,3.927046e+03,1.278372e+23,26.852,13.699,4.001,575.125061
2014.10.03_20:12:00_TAI,55.4,1.602406e+22,33.938,104.669,106.639,45.001,0.17126524,2.022190e+13,0.00643862,971.190,158.023,5.581468e+12,4.027146e+03,1.312669e+23,27.381,14.297,3.800,579.478943
2014.10.03_20:24:00_TAI,55.6,1.619493e+22,33.842,103.652,104.962,44.616,0.10919532,2.003441e+13,0.00652575,962.932,161.558,5.524017e+12,4.008345e+03,1.317933e+23,27.417,14.254,3.821,580.833984
2014.10.03_20:36:00_TAI,55.8,1.621478e+22,34.219,102.968,104.111,44.662,0.11473755,2.033166e+13,0.00618490,960.606,154.363,5.032190e+12,4.003344e+03,1.326975e+23,27.803,14.752,3.766,583.120728
2014.10.03_20:48:00_TAI,56.0,1.654336e+22,34.633,101.860,103.006,44.370,0.15641581,2.053050e+13,0.00538913,945.472,139.433,4.240263e+12,3.901887e+03,1.340759e+23,27.922,14.536,3.938,582.666809
2014.10.03_21:00:00_TAI,56.2,1.681846e+22,34.155,102.048,102.964,44.164,0.12477600,2.089468e+13,0.00561497,966.894,147.730,4.911214e+12,3.813716e+03,1.332697e+23,27.615,13.864,3.959,587.546204
2014.10.03_21:12:00_TAI,56.4,1.685311e+22,35.094,100.814,101.697,43.982,0.16332366,2.107961e+13,0.00549332,958.622,148.051,5.427380e+12,3.792859e+03,1.357696e+23,28.226,15.100,3.705,583.426636
2014.10.03_21:24:00_TAI,56.6,1.718409e+22,34.555,101.666,102.725,44.127,0.20004664,2.143572e+13,0.00604416,979.914,166.142,6.462585e+12,3.735315e+03,1.363637e+23,27.898,14.329,3.650,583.679504
2014.10.03_21:36:00_TAI,56.8,1.726888e+22,34.362,101.247,102.115,43.941,0.14733975,2.118433e+13,0.00519434,970.446,143.899,4.922728e+12,3.681901e+03,1.354650e+23,27.559,13.947,3.530,581.604187
2014.10.03_21:48:00_TAI,57.0,1.734044e+22,34.295,100.513,101.328,43.369,0.08032623,2.133178e+13,0.00556652,968.021,155.746,5.843646e+12,3.652345e+03,1.357114e+23,27.618,14.468,3.956,584.466003
2014.10.03_22:00:00_TAI,57.2,1.735136e+22,33.947,100.070,101.005,43.169,0.22425637,2.100739e+13,0.00541563,959.924,151.551,5.322544e+12,3.662636e+03,1.361182e+23,27.407,13.708,4.131,589.661255
2014.10.03_22:12:00_TAI,57.4,1.729252e+22,34.118,99.219,100.192,43.278,0.21433379,2.076719e+13,0.00547781,950.979,153.543,4.757374e+12,3.697073e+03,1.376238e+23,27.269,13.657,3.806,586.713745
2014.10.03_22:24:00_TAI,57.6,1.746162e+22,34.036,98.181,98.822,42.480,0.17272015,2.084953e+13,0.00450851,951.185,128.637,3.147657e+12,3.619751e+03,1.371732e+23,27.220,13.660,4.036,578.871399
2014.10.03_22:36:00_TAI,57.8,1.737471e+22,34.229,97.739,98.537,41.888,0.11859259,2.080123e+13,0.00465435,943.406,132.835,3.841360e+12,3.614959e+03,1.370204e+23,27.263,13.587,4.143,587.725281
2014.10.03_22:48:00_TAI,58.0,1.735810e+22,34.242,96.857,97.333,41.388,0.16577020,2.084738e+13,0.00448008,945.445,128.381,4.698262e+12,3.602742e+03,1.371076e+23,27.317,13.700,3.866,588.362732
2014.10.03_23:00:00_TAI,58.2,1.760536e+22,34.085,96.489,97.230,41.171,0.17181723,2.030635e+13,0.00438047,922.014,127.437,4.913534e+12,3.543515e+03,1.369148e+23,27.037,13.484,3.866,593.497803
2014.10.03_23:12:00_TAI,58.4,1.762776e+22,34.112,96.932,97.200,41.704,0.25551024,2.034733e+13,0.00374553,916.699,109.205,3.921737e+12,3.504599e+03,1.357044e+23,26.986,13.390,3.868,591.170532
2014.10.03_23:24:00_TAI,58.6,1.759533e+22,34.295,96.722,97.201,41.384,0.21357527,2.060357e+13,0.00401683,919.174,116.822,4.108252e+12,3.505755e+03,1.354139e+23,27.061,13.746,3.856,595.973755
2014.10.03_23:36:00_TAI,58.8,1.803602e+22,33.763,96.573,97.309,41.296,0.19955568,2.087142e+13,0.00396012,941.325,117.722,3.995680e+12,3.423192e+03,1.351480e+23,26.600,13.297,3.724,601.414001
2014.10.03_23:48:00_TAI,59.0,1.829882e+22,33.348,96.963,97.531,41.356,0.20932366,2.121722e+13,0.00372627,960.108,112.060,3.613849e+12,3.395218e+03,1.356036e+23,26.195,12.619,3.919,598.854858
2014.10.04_00:00:00_TAI,59.2,1.875096e+22,33.386,95.234,95.715,40.760,0.18386164,2.134194e+13,0.00399121,972.156,123.308,4.590203e+12,3.299318e+03,1.353752e+23,25.794,12.345,3.552,612.580017
2014.10.04_00:12:00_TAI,59.4,1.939451e+22,33.128,93.862,94.416,39.954,0.19507679,2.166833e+13,0.00435504,989.460,139.370,6.278715e+12,3.239768e+03,1.376904e+23,25.541,11.777,3.494,618.112244
2014.10.04_00:24:00_TAI,59.6,1.945858e+22,33.463,93.517,94.128,39.922,0.26025245,2.238718e+13,0.00417873,1007.408,135.040,5.762826e+12,3.267884e+03,1.402524e+23,26.028,12.647,3.629,623.079895
2014.10.04_00:36:00_TAI,59.8,1.977935e+22,32.946,93.628,94.020,40.179,0.18210265,2.234855e+13,0.00414547,1017.424,135.213,6.265474e+12,3.200038e+03,1.386155e+23,25.479,11.702,3.718,622.893250
2014.10.04_00:48:00_TAI,60.0,1.981221e+22,32.724,94.317,94.645,40.266,0.13172030,2.226410e+13,0.00425422,1021.259,138.173,6.555409e+12,3.204317e+03,1.382178e+23,25.353,11.718,4.005,619.474304
2014.10.04_01:00:00_TAI,60.2,1.991715e+22,32.934,95.211,95.482,40.682,0.22430499,2.256637e+13,0.00390603,1030.958,127.630,6.535207e+12,3.247151e+03,1.409107e+23,25.487,11.923,3.688,629.617676
2014.10.04_01:12:00_TAI,60.4,2.006968e+22,33.119,94.636,95.192,40.494,0.23447008,2.287528e+13,0.00385766,1038.297,127.565,5.535112e+12,3.232094e+03,1.419442e+23,25.743,12.550,3.581,631.320984
2014.10.04_01:24:00_TAI,60.6,2.017854e+22,33.202,94.094,94.319,40.466,0.19320929,2.302194e+13,0.00347556,1043.990,115.733,4.454644e+12,3.211735e+03,1.420396e+23,25.669,12.255,3.585,639.468323
2014.10.04_01:36:00_TAI,60.8,2.025138e+22,33.332,95.186,95.730,40.847,0.27680153,2.324773e+13,0.00344347,1041.395,114.940,4.865199e+12,3.239541e+03,1.436092e+23,25.841,12.388,3.688,638.943115
2014.10.04_01:48:00_TAI,61.0,2.054655e+22,33.409,94.613,95.224,40.573,0.25234431,2.365849e+13,0.00306548,1058.080,104.465,4.528170e+12,3.190821e+03,1.444073e+23,25.889,12.433,3.565,642.434998
2014.10.04_02:00:00_TAI,61.2,2.060239e+22,33.421,95.336,95.874,41.489,0.22726774,2.404916e+13,0.00289310,1089.577,97.911,4.084265e+12,3.224266e+03,1.449146e+23,25.849,12.333,3.479,649.675659
2014.10.04_02:12:00_TAI,61.4,2.060819e+22,33.687,95.258,95.975,41.776,0.23122604,2.452525e+13,0.00328948,1109.983,111.368,5.248780e+12,3.258561e+03,1.465210e+23,26.061,12.809,3.519,645.852417
2014.10.04_02:24:00_TAI,61.6,2.056410e+22,33.269,95.911,96.693,41.547,0.11670216,2.389600e+13,0.00467986,1098.759,155.741,7.208687e+12,3.270231e+03,1.445398e+23,25.980,12.812,3.683,644.533691
2014.10.04_02:36:00_TAI,61.8,2.061810e+22,33.790,94.754,95.761,41.231,0.14251578,2.407228e+13,0.00423667,1093.543,142.988,6.656055e+12,3.262579e+03,1.462423e+23,26.378,13.267,3.656,642.732971
2014.10.04_02:48:00_TAI,62.0,2.024422e+22,33.685,96.625,97.766,41.948,0.22310328,2.337019e+13,0.00449325,1077.800,146.035,5.793478e+12,3.355294e+03,1.448238e+23,26.281,12.978,3.700,644.119385
2014.10.04_03:00:00_TAI,62.2,2.020321e+22,33.313,97.807,98.970,42.399,0.16644387,2.351875e+13,0.00421608,1080.778,135.800,5.679705e+12,3.374305e+03,1.443404e+23,26.216,12.695,3.711,646.823853
2014.10.04_03:12:00_TAI,62.4,2.003552e+22,33.360,98.436,99.738,42.738,0.21719761,2.327737e+13,0.00440890,1081.753,139.559,5.801452e+12,3.455203e+03,1.452496e+23,26.347,12.864,3.723,655.072388
2014.10.04_03:24:00_TAI,62.6,2.013945e+22,33.251,99.225,100.744,42.980,0.13204223,2.362052e+13,0.00439706,1116.488,138.626,5.557422e+12,3.509527e+03,1.469459e+23,26.205,12.719,3.726,652.712708
2014.10.04_03:36:00_TAI,62.8,1.989314e+22,33.116,99.765,101.324,43.067,0.08397536,2.300396e+13,0.00426435,1101.042,131.252,5.944599e+12,3.559380e+03,1.454928e+23,25.973,12.418,3.651,659.059265
2014.10.04_03:48:00_TAI,63.0,1.971488e+22,33.328,99.411,101.121,43.340,0.14895892,2.356378e+13,0.00408734,1111.427,124.754,6.617489e+12,3.605233e+03,1.461413e+23,26.016,12.649,3.632,651.359192
2014.10.04_04:00:00_TAI,63.2,1.955431e+22,33.443,99.241,100.954,43.382,0.06538332,2.339436e+13,0.00418923,1109.176,126.485,5.708533e+12,3.629048e+03,1.455162e+23,26.034,12.967,3.668,659.085205
2014.10.04_04:12:00_TAI,63.4,1.930820e+22,33.353,99.666,101.246,43.285,0.09790570,2.304474e+13,0.00449689,1100.887,132.843,5.712509e+12,3.682722e+03,1.444797e+23,25.911,12.948,3.584,658.599304
2014.10.04_04:24:00_TAI,63.6,1.920734e+22,32.936,99.602,101.369,43.211,0.06472331,2.285923e+13,0.00446363,1096.454,130.869,6.040275e+12,3.651505e+03,1.421784e+23,25.589,12.770,3.551,660.529114
2014.10.04_04:36:00_TAI,63.8,1.899546e+22,32.996,100.130,102.161,43.212,0.01388458,2.239323e+13,0.00421719,1088.736,121.978,5.231189e+12,3.652843e+03,1.403240e+23,25.519,12.577,3.613,663.157898
2014.10.04_04:48:00_TAI,64.0,1.910447e+22,32.513,100.197,101.868,42.742,0.01589680,2.236799e+13,0.00402958,1087.535,116.338,4.770800e+12,3.611183e+03,1.384647e+23,24.926,11.904,3.779,676.208923
2014.10.04_05:00:00_TAI,64.2,1.915849e+22,32.324,100.427,101.712,42.692,0.04705845,2.256918e+13,0.00439219,1089.433,127.879,5.390301e+12,3.536000e+03,1.367230e+23,24.623,11.537,3.700,670.613525
2014.10.04_05:12:00_TAI,64.4,1.953129e+22,32.023,100.108,101.546,42.673,-0.01961274,2.278125e+13,0.00368665,1099.046,110.080,3.446340e+12,3.459018e+03,1.371642e+23,24.302,11.015,3.768,671.834045
2014.10.04_05:24:00_TAI,64.6,1.973744e+22,32.388,99.155,100.054,42.267,0.02894114,2.268670e+13,0.00349448,1084.902,106.711,3.267541e+12,3.438210e+03,1.394394e+23,24.556,11.491,3.738,675.570374
2014.10.04_05:36:00_TAI,64.8,1.995474e+22,32.396,98.412,99.339,42.090,0.01786812,2.290001e+13,0.00341293,1085.664,106.231,3.255489e+12,3.412663e+03,1.410727e+23,24.572,11.424,3.866,678.600952
2014.10.04_05:48:00_TAI,65.0,2.010963e+22,32.449,97.584,98.290,41.589,0.05759641,2.251226e+13,0.00330747,1060.034,104.519,2.894530e+12,3.366227e+03,1.412722e+23,24.505,11.294,3.922,679.091553
2014.10.04_06:24:00_TAI,65.6,2.087086e+22,32.434,96.145,96.575,40.662,0.00946554,2.294481e+13,0.00259169,1051.959,87.446,2.841558e+12,3.213211e+03,1.439825e+23,24.681,11.325,3.805,684.938354
2014.10.04_06:36:00_TAI,65.8,2.119275e+22,32.451,94.951,95.266,40.585,0.04472712,2.373428e+13,0.00297247,1073.165,103.058,4.645012e+12,3.148086e+03,1.449524e+23,24.907,11.430,3.861,685.816040
2014.10.04_06:48:00_TAI,66.0,2.144114e+22,32.526,93.653,93.960,40.176,0.00565759,2.376989e+13,0.00261032,1063.297,92.298,4.043002e+12,3.119949e+03,1.465075e+23,24.938,11.242,3.829,685.540161
2014.10.04_07:00:00_TAI,66.2,2.231551e+22,32.443,92.682,93.150,39.479,-0.02176206,2.526599e+13,0.00214476,1108.749,79.890,2.913575e+12,3.011642e+03,1.489809e+23,25.124,11.224,3.761,700.691284
2014.10.04_07:12:00_TAI,66.4,2.266028e+22,32.506,92.341,92.979,39.774,0.00570755,2.566851e+13,0.00213509,1125.850,80.702,2.605592e+12,2.983299e+03,1.497539e+23,25.298,11.270,3.744,706.247009
2014.10.04_07:24:00_TAI,66.6,2.288301e+22,32.359,93.495,94.043,40.072,-0.00223181,2.618499e+13,0.00237940,1144.194,90.522,3.732224e+12,2.970646e+03,1.500971e+23,25.218,11.239,3.687,716.970276
2014.10.04_07:36:00_TAI,66.8,2.309261e+22,32.317,94.171,94.660,40.369,0.03967629,2.717413e+13,0.00211682,1181.748,81.129,2.514424e+12,2.984472e+03,1.519135e+23,25.434,11.297,3.576,719.129578
2014.10.04_07:48:00_TAI,67.0,2.320658e+22,32.345,93.829,94.444,40.177,0.04282562,2.735075e+13,0.00195541,1188.992,75.084,2.023876e+12,3.000193e+03,1.529966e+23,25.482,11.282,3.629,738.728638
2014.10.04_08:00:00_TAI,67.2,2.307577e+22,32.463,93.322,94.022,40.052,0.04012786,2.766397e+13,0.00208007,1207.030,79.211,1.915219e+12,3.043577e+03,1.539236e+23,25.657,11.709,3.541,740.271179
2014.10.04_08:12:00_TAI,67.4,2.308385e+22,32.403,93.257,94.212,39.494,0.05047649,2.764770e+13,0.00205133,1210.334,77.263,1.642285e+12,3.047116e+03,1.524272e+23,25.442,11.424,3.594,755.884338
2014.10.04_08:24:00_TAI,67.6,2.277303e+22,32.370,93.477,94.532,39.630,0.02424965,2.713879e+13,0.00241110,1202.235,88.943,2.884569e+12,3.085489e+03,1.511670e+23,25.271,11.230,3.623,749.466980
2014.10.04_08:36:00_TAI,67.8,2.231963e+22,32.262,93.843,95.002,40.158,0.05889883,2.670697e+13,0.00261632,1191.885,93.484,3.343911e+12,3.160072e+03,1.499529e+23,25.100,11.226,3.422,749.664978
2014.10.04_08:48:00_TAI,68.0,2.208350e+22,31.834,93.433,94.501,40.244,0.06117820,2.631726e+13,0.00278607,1188.341,97.939,4.296094e+12,3.168433e+03,1.479260e+23,24.760,10.590,3.371,749.301880
2014.10.04_09:00:00_TAI,68.2,2.170994e+22,32.018,93.069,94.190,39.916,0.01317046,2.535385e+13,0.00272353,1152.080,93.842,3.279375e+12,3.218487e+03,1.472794e+23,24.803,11.037,3.420,751.428223
2014.10.04_09:12:00_TAI,68.4,2.136188e+22,31.665,92.991,94.092,39.917,-0.03928271,2.433024e+13,0.00223890,1115.602,75.106,1.680875e+12,3.295322e+03,1.468129e+23,24.624,10.433,3.365,756.515808
2014.10.04_09:24:00_TAI,68.6,2.136981e+22,31.265,92.713,93.844,39.192,-0.01702245,2.380620e+13,0.00191686,1106.277,64.188,8.479982e+11,3.270342e+03,1.454393e+23,24.095,9.831,3.409,757.826843
2014.10.04_09:36:00_TAI,68.8,2.135385e+22,31.237,92.361,93.489,39.239,-0.05149629,2.362460e+13,0.00189065,1098.567,63.312,1.514214e+12,3.235996e+03,1.439205e+23,23.893,9.537,3.385,761.777954
2014.10.04_09:48:00_TAI,69.0,2.135309e+22,30.933,91.568,92.692,38.886,-0.09420476,2.310111e+13,0.00210078,1084.987,70.210,1.657741e+12,3.220830e+03,1.429552e+23,23.567,9.309,3.495,761.736145
2014.10.04_10:00:00_TAI,69.2,2.154795e+22,30.877,92.321,93.373,39.346,-0.09431964,2.313427e+13,0.00189197,1086.622,63.687,1.671834e+12,3.205214e+03,1.433007e+23,23.428,9.238,3.535,759.784119
2014.10.04_10:12:00_TAI,69.4,2.149120e+22,31.006,91.272,92.236,38.813,-0.06742317,2.267823e+13,0.00166787,1055.812,56.362,1.199599e+12,3.202958e+03,1.437443e+23,23.614,9.387,3.499,758.463745
2014.10.04_10:24:00_TAI,69.6,2.164847e+22,30.725,91.024,92.011,38.532,-0.07838178,2.272108e+13,0.00127050,1061.323,43.225,1.403985e+12,3.169037e+03,1.431857e+23,23.413,8.935,3.462,762.708740
2014.10.04_10:36:00_TAI,69.8,2.158504e+22,30.990,90.778,91.796,38.728,-0.01506098,2.249761e+13,0.00098516,1059.216,33.365,2.894287e+11,3.193425e+03,1.436515e+23,23.328,9.114,3.142,759.147827
2014.10.04_10:48:00_TAI,70.0,2.168319e+22,31.118,91.330,92.096,39.130,-0.00703463,2.265223e+13,0.00138171,1062.598,47.043,7.437487e+11,3.189037e+03,1.441995e+23,23.443,9.554,3.096,761.530945
2014.10.04_11:00:00_TAI,70.2,2.185684e+22,30.896,90.858,91.459,38.608,-0.07847476,2.249661e+13,0.00140081,1064.059,48.083,1.418163e+12,3.150877e+03,1.436456e+23,23.209,8.972,2.886,764.232849
2014.10.04_11:12:00_TAI,70.4,2.194606e+22,30.955,90.557,91.022,38.499,-0.05604526,2.243859e+13,0.00151938,1056.109,52.662,1.022708e+12,3.139142e+03,1.445115e+23,23.298,9.064,3.031,766.066711
2014.10.04_11:24:00_TAI,70.6,2.214708e+22,30.948,90.650,91.058,38.549,-0.02239838,2.272380e+13,0.00129707,1062.583,45.532,4.138981e+11,3.120261e+03,1.454655e+23,23.178,8.911,3.293,761.351807
2014.10.04_11:36:00_TAI,70.8,2.228639e+22,30.980,90.707,91.022,38.723,-0.01655451,2.293843e+13,0.00091779,1064.813,32.573,3.092807e+11,3.118587e+03,1.469945e+23,23.306,9.134,3.260,771.507996
2014.10.04_11:48:00_TAI,71.0,2.234747e+22,30.968,90.048,90.358,38.485,0.01866839,2.267801e+13,0.00102750,1060.901,36.644,3.504622e+11,3.093562e+03,1.465256e+23,23.376,9.132,3.089,775.050354
2014.10.04_12:00:00_TAI,71.2,2.239169e+22,30.971,90.590,90.921,38.812,0.03883125,2.266577e+13,0.00139741,1065.717,49.811,1.885287e+12,3.105734e+03,1.470321e+23,23.141,8.862,3.039,783.672791
2014.10.04_12:12:00_TAI,71.4,2.264374e+22,30.900,90.532,90.784,38.541,0.01681370,2.314895e+13,0.00134674,1073.076,48.865,1.722312e+12,3.067414e+03,1.478088e+23,23.286,8.982,3.346,775.335266
2014.10.04_12:24:00_TAI,71.6,2.260855e+22,30.750,90.823,91.163,38.679,0.04150404,2.316574e+13,0.00168834,1072.221,60.702,2.120968e+12,3.085475e+03,1.473309e+23,23.271,8.847,3.076,786.307251
2014.10.04_12:36:00_TAI,71.8,2.316290e+22,30.612,90.851,91.511,38.412,0.04501240,2.389393e+13,0.00177751,1112.029,65.626,2.721480e+12,3.022262e+03,1.481857e+23,23.140,8.830,3.402,802.779663
2014.10.04_12:48:00_TAI,72.0,2.359791e+22,30.350,90.557,90.944,37.876,-0.00759438,2.388563e+13,0.00143407,1105.073,53.879,1.225100e+12,2.986220e+03,1.490201e+23,22.861,8.436,3.113,815.803833
2014.10.04_13:00:00_TAI,72.2,2.371149e+22,30.358,91.057,91.462,38.010,-0.01662730,2.440906e+13,0.00136559,1132.360,51.557,1.703471e+12,2.961557e+03,1.484895e+23,22.911,8.622,3.295,815.706787
2014.10.04_13:12:00_TAI,72.4,2.364266e+22,30.363,91.383,91.879,38.010,-0.03239782,2.438471e+13,0.00135844,1131.061,51.045,1.037455e+12,2.993071e+03,1.493739e+23,23.010,8.853,2.973,821.056824
2014.10.04_13:24:00_TAI,72.6,2.366932e+22,30.222,91.745,92.210,37.933,0.00593005,2.408792e+13,0.00146982,1119.702,54.910,1.462739e+12,3.021574e+03,1.499136e+23,23.008,8.793,3.336,822.912292
2014.10.04_13:36:00_TAI,72.8,2.353505e+22,30.129,91.399,92.019,37.866,-0.00455111,2.384701e+13,0.00176276,1119.300,65.243,2.135003e+12,3.012301e+03,1.480733e+23,22.895,8.618,3.304,824.018188
2014.10.04_13:48:00_TAI,73.0,2.350315e+22,30.205,91.060,91.889,37.988,-0.05133539,2.421789e+13,0.00171069,1128.734,63.243,2.415616e+12,3.039916e+03,1.492653e+23,22.955,8.750,3.341,821.187317
2014.10.04_14:00:00_TAI,73.2,2.354971e+22,30.449,91.365,92.231,38.219,0.01027104,2.459474e+13,0.00155713,1138.921,57.907,1.422732e+12,3.076475e+03,1.519470e+23,23.206,9.002,3.425,827.791382
2014.10.04_14:12:00_TAI,73.4,2.332627e+22,30.323,91.818,92.563,38.329,-0.03245664,2.440502e+13,0.00196243,1133.249,71.815,2.305562e+12,3.145539e+03,1.528767e+23,23.237,9.108,3.201,827.216187
2014.10.04_14:24:00_TAI,73.6,2.329433e+22,30.537,92.299,93.416,38.400,-0.06890193,2.468550e+13,0.00186589,1143.439,68.329,1.872897e+12,3.143483e+03,1.528812e+23,23.492,9.424,3.096,837.569824
2014.10.04_14:36:00_TAI,73.8,2.344876e+22,30.377,93.511,94.488,38.549,-0.03048165,2.510066e+13,0.00194928,1161.818,71.731,3.450604e+12,3.148181e+03,1.538664e+23,23.487,9.203,3.126,842.279724
2014.10.04_14:48:00_TAI,74.0,2.365854e+22,30.352,93.775,94.633,39.020,0.00793012,2.590147e+13,0.00167991,1196.039,62.365,2.513309e+12,3.147154e+03,1.551662e+23,23.490,9.048,3.342,841.372192
2014.10.04_15:00:00_TAI,74.2,2.379123e+22,30.408,94.060,94.889,39.032,0.04396047,2.616147e+13,0.00215582,1194.597,80.608,4.565988e+12,3.122012e+03,1.550294e+23,23.680,9.240,3.431,849.047363
2014.10.04_15:12:00_TAI,74.4,2.394620e+22,30.387,94.701,95.704,39.131,-0.01245243,2.673996e+13,0.00191155,1232.911,71.727,3.015693e+12,3.148090e+03,1.568804e+23,23.805,9.399,3.372,851.505005
2014.10.04_15:24:00_TAI,74.6,2.385678e+22,30.513,95.072,95.997,39.592,0.06575537,2.668284e+13,0.00211463,1227.997,78.749,3.428405e+12,3.187108e+03,1.576270e+23,24.002,9.661,3.237,852.301086
2014.10.04_15:36:00_TAI,74.8,2.441932e+22,30.479,96.168,97.468,39.777,0.00526713,2.812297e+13,0.00184144,1281.007,70.481,3.132934e+12,3.132998e+03,1.592573e+23,24.083,9.557,3.395,862.370544
2014.10.04_15:48:00_TAI,75.0,2.511628e+22,30.603,96.315,97.304,39.785,0.07798649,2.912117e+13,0.00164771,1308.573,65.534,2.953129e+12,3.054587e+03,1.613564e+23,24.283,9.624,3.150,868.716614
2014.10.04_16:00:00_TAI,75.2,2.557196e+22,30.610,97.293,98.066,40.291,0.11243790,2.978148e+13,0.00154158,1335.910,62.570,3.418048e+12,3.021088e+03,1.628527e+23,24.367,9.566,3.303,861.925476
2014.10.04_16:12:00_TAI,75.4,2.632513e+22,30.765,97.600,98.072,40.374,0.09966548,3.115623e+13,0.00153048,1380.958,64.762,3.188597e+12,2.971217e+03,1.669750e+23,24.609,9.753,3.270,859.384094
2014.10.04_16:24:00_TAI,75.6,2.686136e+22,30.531,97.097,97.504,39.933,0.08535416,3.116323e+13,0.00151729,1380.858,65.673,2.899182e+12,2.915799e+03,1.676091e+23,24.410,9.361,3.315,865.370483
2014.10.04_16:36:00_TAI,75.8,2.763311e+22,30.460,97.114,97.342,39.771,0.11355545,3.208738e+13,0.00133510,1414.124,59.948,2.682218e+12,2.834998e+03,1.690637e+23,24.358,9.091,3.269,867.965210
2014.10.04_16:48:00_TAI,76.0,2.815539e+22,30.378,95.544,95.822,38.988,0.10255206,3.231046e+13,0.00125268,1408.965,57.830,2.490352e+12,2.748225e+03,1.684950e+23,24.205,8.857,3.273,872.620239
2014.10.04_17:00:00_TAI,76.2,2.835172e+22,30.164,94.961,94.980,38.598,0.14225104,3.195901e+13,0.00133966,1392.047,62.540,3.493176e+12,2.725330e+03,1.689698e+23,23.976,8.429,3.371,879.388245
2014.10.04_17:12:00_TAI,76.4,2.832536e+22,29.949,94.670,94.635,38.152,0.08030619,3.131823e+13,0.00127863,1378.154,59.633,2.181121e+12,2.718809e+03,1.684102e+23,23.771,8.136,3.245,883.865479
2014.10.04_17:24:00_TAI,76.6,2.834107e+22,29.761,94.366,94.270,38.019,0.15661629,3.081018e+13,0.00115553,1359.121,53.983,3.848554e+12,2.695727e+03,1.672525e+23,23.376,7.894,3.400,873.276428
2014.10.04_17:36:00_TAI,76.8,2.821831e+22,29.831,94.431,94.174,38.021,0.15688980,3.018333e+13,0.00099776,1337.181,46.436,3.840628e+12,2.710051e+03,1.675042e+23,23.347,7.991,3.142,877.731567
2014.10.04_17:48:00_TAI,77.0,2.810382e+22,29.824,93.848,93.482,37.825,0.20300759,3.017721e+13,0.00112290,1329.755,52.231,4.966865e+12,2.674873e+03,1.652411e+23,23.154,7.694,3.165,879.902527
2014.10.04_18:24:00_TAI,77.6,2.687942e+22,29.780,95.360,94.991,38.257,0.17270929,2.834998e+13,0.00159250,1283.318,69.274,3.951613e+12,2.809358e+03,1.623002e+23,22.851,7.940,3.197,882.380615
2014.10.04_18:36:00_TAI,77.8,2.643206e+22,29.948,96.245,95.924,38.636,0.17685802,2.832338e+13,0.00136269,1289.521,57.944,3.955641e+12,2.852410e+03,1.610863e+23,23.035,8.311,3.076,881.111084
2014.10.04_18:48:00_TAI,78.0,2.621848e+22,30.032,96.339,96.130,38.689,0.09912219,2.822335e+13,0.00167217,1289.613,70.208,3.177106e+12,2.909392e+03,1.622256e+23,23.161,8.472,3.117,881.372437
2014.10.04_19:00:00_TAI,78.2,2.609318e+22,30.325,96.704,96.716,38.557,0.07468937,2.853228e+13,0.00167340,1304.693,69.843,3.864804e+12,2.970594e+03,1.646677e+23,23.476,8.718,3.259,884.883789
2014.10.04_19:12:00_TAI,78.4,2.589462e+22,30.304,97.919,98.192,39.259,0.09328400,2.871238e+13,0.00175383,1324.402,71.635,3.592730e+12,3.037725e+03,1.647783e+23,23.406,8.909,3.138,893.241516
2014.10.04_19:24:00_TAI,78.6,2.572464e+22,30.356,98.973,99.333,39.674,0.08286948,2.876748e+13,0.00171496,1342.142,69.144,2.706644e+12,3.087845e+03,1.653358e+23,23.539,9.105,3.084,900.821594
2014.10.04_19:36:00_TAI,78.8,2.545277e+22,30.069,99.111,99.520,39.485,0.05564146,2.797088e+13,0.00177273,1312.354,69.966,2.657622e+12,3.134191e+03,1.642836e+23,23.491,8.875,3.078,905.739990
2014.10.04_19:48:00_TAI,79.0,2.553382e+22,30.543,98.919,99.564,39.253,0.19363485,2.859889e+13,0.00219401,1334.125,87.418,4.650306e+12,3.133644e+03,1.658155e+23,24.024,9.668,3.211,907.365540
2014.10.04_20:00:00_TAI,79.2,2.555388e+22,30.616,99.848,100.564,39.905,0.18540901,2.878618e+13,0.00219441,1343.003,86.967,4.762011e+12,3.192501e+03,1.680311e+23,24.299,9.835,3.105,921.401184
2014.10.04_20:12:00_TAI,79.4,2.578535e+22,30.525,100.223,100.986,40.029,0.15962636,2.902588e+13,0.00241057,1362.132,95.953,4.825287e+12,3.182211e+03,1.682291e+23,24.296,9.704,3.236,918.397461
2014.10.04_20:24:00_TAI,79.6,2.614697e+22,30.475,100.867,101.395,40.533,0.13106208,2.958597e+13,0.00175586,1375.210,71.126,2.792550e+12,3.147083e+03,1.693060e+23,24.504,9.694,3.091,917.250061
2014.10.04_20:36:00_TAI,79.8,2.645541e+22,30.192,101.357,101.777,40.761,0.12906525,2.988545e+13,0.00179527,1399.750,73.392,3.759807e+12,3.121429e+03,1.694679e+23,24.337,9.222,2.995,919.558350
2014.10.04_20:48:00_TAI,80.0,2.671781e+22,30.277,100.587,100.884,40.506,0.18181077,2.989907e+13,0.00177734,1394.716,73.752,3.968426e+12,3.050993e+03,1.681398e+23,24.327,8.974,3.113,917.534912
2014.10.04_21:00:00_TAI,80.2,2.713421e+22,30.248,100.999,101.174,40.649,0.20031719,3.017993e+13,0.00155819,1409.509,65.785,4.448501e+12,3.014137e+03,1.689987e+23,24.335,8.790,3.112,916.659912
2014.10.04_21:12:00_TAI,80.4,2.760240e+22,30.196,100.364,100.397,40.313,0.22248860,3.040452e+13,0.00136881,1410.907,59.216,5.063000e+12,2.978941e+03,1.711517e+23,24.367,8.885,3.061,916.546082
2014.10.04_21:24:00_TAI,80.6,2.781140e+22,30.018,100.361,100.308,40.131,0.18611190,3.049132e+13,0.00110573,1406.927,48.448,4.289502e+12,2.949084e+03,1.716060e+23,24.330,8.787,3.199,909.891541
2014.10.04_21:36:00_TAI,80.8,2.821668e+22,30.028,98.901,98.825,39.697,0.21137218,3.073945e+13,0.00108931,1406.039,49.005,5.002201e+12,2.891862e+03,1.727812e+23,24.306,8.533,3.126,905.922913
2014.10.04_21:48:00_TAI,81.0,2.826918e+22,29.834,98.195,97.936,39.539,0.17717339,3.046911e+13,0.00104897,1397.897,47.271,4.200123e+12,2.897765e+03,1.734302e+23,24.145,8.328,3.121,907.611023
2014.10.04_22:00:00_TAI,81.2,2.825023e+22,29.816,97.220,97.003,39.161,0.19357820,2.999078e+13,0.00105194,1376.690,47.468,4.595107e+12,2.869050e+03,1.719364e+23,23.970,8.226,2.682,914.347595
2014.10.04_22:12:00_TAI,81.4,2.845222e+22,29.676,96.487,96.354,38.717,0.18573555,2.997816e+13,0.00121794,1371.979,55.577,4.458853e+12,2.829224e+03,1.714660e+23,23.903,8.062,2.569,914.987854
2014.10.04_22:24:00_TAI,81.6,2.866064e+22,29.713,96.506,96.274,38.623,0.18480071,3.049093e+13,0.00160052,1384.660,74.356,4.516603e+12,2.773370e+03,1.711158e+23,23.780,7.835,0.000,914.707031
2014.10.04_22:36:00_TAI,81.8,2.856723e+22,29.550,96.235,95.922,38.744,0.18071812,2.999417e+13,0.00112945,1371.023,52.119,4.387156e+12,2.803411e+03,1.718041e+23,23.768,7.816,2.178,909.165833
2014.10.04_22:48:00_TAI,82.0,2.857183e+22,29.703,96.023,95.767,38.628,0.20246814,3.010058e+13,0.00136857,1372.579,63.415,4.935611e+12,2.790461e+03,1.717183e+23,23.769,7.914,2.778,906.285522
2014.10.04_23:00:00_TAI,82.2,2.856098e+22,29.742,95.962,95.622,38.637,0.20551777,3.017155e+13,0.00139406,1370.274,64.715,5.019249e+12,2.793902e+03,1.722454e+23,23.748,7.983,2.960,909.547913
2014.10.04_23:12:00_TAI,82.4,2.869506e+22,29.854,95.407,94.900,38.582,0.22913286,3.054701e+13,0.00147874,1382.528,69.254,5.645654e+12,2.779493e+03,1.728742e+23,23.790,8.056,2.856,906.862427
2014.10.04_23:24:00_TAI,82.6,2.835653e+22,29.797,94.990,94.584,38.366,0.20568334,2.960881e+13,0.00153175,1348.470,70.732,4.997108e+12,2.780240e+03,1.705022e+23,23.753,7.993,3.115,912.773682
2014.10.04_23:36:00_TAI,82.8,2.834731e+22,29.736,95.579,95.022,38.330,0.24180892,2.978571e+13,0.00193223,1357.086,89.273,5.877972e+12,2.779084e+03,1.705199e+23,23.830,7.982,2.975,912.735168
2014.10.04_23:48:00_TAI,83.0,2.842024e+22,29.892,95.348,94.876,38.310,0.21774834,3.051051e+13,0.00153391,1377.018,71.411,5.333775e+12,2.758187e+03,1.705344e+23,23.863,8.278,2.855,917.930664
2014.10.05_00:00:00_TAI,83.2,2.845469e+22,29.840,95.875,95.443,38.474,0.26411003,3.061654e+13,0.00183650,1390.737,85.385,6.460944e+12,2.756105e+03,1.701787e+23,23.837,8.199,2.780,925.810059
2014.10.05_00:12:00_TAI,83.4,2.859161e+22,29.825,95.785,95.299,38.465,0.26036492,3.086696e+13,0.00204536,1393.362,95.923,6.425093e+12,2.739010e+03,1.706000e+23,23.877,8.303,3.118,923.152161
2014.10.05_00:24:00_TAI,83.6,2.839560e+22,29.829,96.385,96.157,38.733,0.24202943,3.059837e+13,0.00205885,1396.801,95.133,5.884636e+12,2.783007e+03,1.707827e+23,23.894,8.360,2.805,934.654602
2014.10.05_00:36:00_TAI,83.8,2.854054e+22,29.806,95.538,95.230,38.243,0.26607284,3.052535e+13,0.00236857,1385.144,110.577,6.536154e+12,2.759544e+03,1.710911e+23,23.932,8.302,2.942,934.588013
2014.10.05_00:48:00_TAI,84.0,2.851636e+22,29.906,95.983,95.573,38.544,0.24756664,3.066684e+13,0.00198858,1384.926,92.865,6.083637e+12,2.746664e+03,1.703472e+23,23.914,8.497,2.791,942.048340
2014.10.05_01:00:00_TAI,84.2,2.838420e+22,29.886,96.996,96.671,38.941,0.20775795,3.027011e+13,0.00170789,1371.778,78.976,5.055760e+12,2.762869e+03,1.696827e+23,23.989,8.574,2.797,937.414917
2014.10.05_01:12:00_TAI,84.4,2.852483e+22,29.967,97.452,96.863,39.000,0.17363028,3.077323e+13,0.00180428,1387.815,83.908,4.249120e+12,2.753237e+03,1.700419e+23,24.064,8.588,2.914,943.698303
2014.10.05_01:24:00_TAI,84.6,2.858584e+22,29.913,97.436,96.866,39.388,0.24937791,3.134971e+13,0.00191901,1417.208,89.687,6.133938e+12,2.741161e+03,1.701551e+23,24.080,8.293,2.874,946.362244
2014.10.05_01:36:00_TAI,84.8,2.861145e+22,29.914,97.617,97.096,39.481,0.18031859,3.117126e+13,0.00167877,1409.627,78.363,4.429503e+12,2.742258e+03,1.699975e+23,24.019,8.291,3.028,941.459900
2014.10.05_01:48:00_TAI,85.0,2.861827e+22,30.116,97.477,97.095,39.433,0.22085217,3.137098e+13,0.00156537,1413.170,73.316,5.443800e+12,2.730166e+03,1.698243e+23,24.200,8.282,2.898,937.512329
2014.10.05_02:00:00_TAI,85.2,2.867024e+22,30.103,97.934,97.627,39.501,0.17645676,3.157651e+13,0.00146400,1415.171,68.690,4.357199e+12,2.722618e+03,1.696513e+23,24.244,8.387,3.037,946.823303
2014.10.05_02:12:00_TAI,85.4,2.861788e+22,29.851,98.886,98.463,39.710,0.18149221,3.149960e+13,0.00169328,1425.164,78.611,4.434537e+12,2.733955e+03,1.685678e+23,24.021,8.200,2.774,948.719788
2014.10.05_02:24:00_TAI,85.6,2.843875e+22,29.849,99.446,98.964,39.900,0.20983674,3.127907e+13,0.00161944,1421.010,74.496,5.080155e+12,2.755699e+03,1.683494e+23,24.089,8.117,2.591,952.930481
2014.10.05_02:36:00_TAI,85.8,2.847665e+22,29.832,99.654,99.221,40.035,0.14804320,3.177507e+13,0.00156665,1447.731,71.892,3.663569e+12,2.774302e+03,1.690806e+23,24.255,8.254,2.880,962.172607
2014.10.05_02:48:00_TAI,86.0,2.826135e+22,29.876,101.449,101.296,40.988,0.18364148,3.185529e+13,0.00161345,1444.972,72.767,4.359335e+12,2.812912e+03,1.684900e+23,24.192,8.106,2.397,969.561523
2014.10.05_03:00:00_TAI,86.2,2.858330e+22,30.097,101.464,101.409,40.875,0.18754010,3.257708e+13,0.00159212,1470.532,73.455,4.554018e+12,2.770046e+03,1.697262e+23,24.398,8.444,2.518,980.076782
2014.10.05_03:12:00_TAI,86.4,2.802302e+22,30.091,102.647,102.790,41.399,0.19053614,3.149526e+13,0.00172403,1452.291,76.480,4.448838e+12,2.867418e+03,1.689331e+23,24.408,8.597,2.819,992.554504
2014.10.05_03:24:00_TAI,86.6,2.767354e+22,30.405,103.181,103.333,42.049,0.19123694,3.165844e+13,0.00157666,1461.518,68.769,4.390380e+12,2.912943e+03,1.687369e+23,24.605,8.762,2.935,985.560608
2014.10.05_03:36:00_TAI,86.8,2.737609e+22,30.492,103.835,104.106,41.870,0.20535603,3.141349e+13,0.00182504,1450.957,78.544,4.651789e+12,2.954909e+03,1.688879e+23,24.798,9.055,2.174,983.923035
2014.10.05_03:48:00_TAI,87.0,2.706522e+22,30.821,104.269,104.762,42.401,0.28340226,3.192096e+13,0.00167490,1483.928,71.091,6.331640e+12,2.982793e+03,1.681405e+23,24.898,9.428,2.885,990.520630
2014.10.05_04:00:00_TAI,87.2,2.651992e+22,30.827,105.239,105.789,42.671,0.19664109,3.130920e+13,0.00168493,1465.383,69.559,4.272939e+12,3.050150e+03,1.672265e+23,24.850,9.447,2.814,992.812866
2014.10.05_04:12:00_TAI,87.4,2.619024e+22,30.753,106.233,106.745,42.917,0.20259817,3.086396e+13,0.00160711,1441.736,65.194,4.326074e+12,3.082141e+03,1.660496e+23,24.742,9.421,2.465,996.057068
2014.10.05_04:24:00_TAI,87.6,2.594645e+22,30.521,106.729,107.295,42.867,0.20107836,3.063818e+13,0.00163881,1434.722,65.705,4.243599e+12,3.080784e+03,1.640413e+23,24.575,9.273,2.835,995.664307
2014.10.05_04:36:00_TAI,87.8,2.573387e+22,30.449,107.041,107.782,42.704,0.18648428,3.075467e+13,0.00176027,1447.944,69.701,3.886847e+12,3.111265e+03,1.636108e+23,24.447,9.162,2.862,1000.468933
2014.10.05_04:48:00_TAI,88.0,2.596606e+22,30.411,106.395,107.052,41.970,0.15127784,3.113251e+13,0.00152427,1455.746,61.599,3.502894e+12,3.050882e+03,1.637375e+23,24.375,9.213,2.713,993.777283
2014.10.05_05:00:00_TAI,88.2,2.576350e+22,30.004,107.148,107.970,41.798,0.16782629,3.038966e+13,0.00149916,1435.285,59.616,3.672953e+12,3.083632e+03,1.628497e+23,24.123,8.749,2.950,1008.132935
2014.10.05_05:12:00_TAI,88.4,2.550937e+22,30.053,105.913,106.609,41.484,0.11785842,2.980545e+13,0.00091970,1411.044,36.332,2.450949e+12,3.076021e+03,1.613897e+23,24.035,8.796,2.948,1008.808838
2014.10.05_05:24:00_TAI,88.6,2.571507e+22,29.807,106.135,106.647,41.147,0.15010507,2.923110e+13,0.00117758,1383.525,46.952,3.150467e+12,3.020724e+03,1.599567e+23,23.665,8.216,2.837,1015.040100
2014.10.05_05:36:00_TAI,88.8,2.595275e+22,29.832,105.692,105.887,41.256,0.16524644,2.949760e+13,0.00100448,1383.697,40.812,3.534282e+12,2.949167e+03,1.591402e+23,23.536,7.999,1.868,1019.998840
2014.10.05_05:48:00_TAI,89.0,2.622088e+22,29.882,105.375,105.368,41.593,0.12139747,2.998360e+13,0.00091422,1392.592,37.890,2.648393e+12,2.901801e+03,1.597174e+23,23.597,7.967,2.207,1012.197632
2014.10.05_06:24:00_TAI,89.6,2.683257e+22,30.108,103.363,102.920,41.208,0.16049783,3.024085e+13,0.00078216,1361.463,34.215,3.695759e+12,2.741776e+03,1.592879e+23,23.792,7.944,2.578,1019.178467
2014.10.05_06:36:00_TAI,89.8,2.708378e+22,30.162,102.262,101.886,40.784,0.10942809,3.100275e+13,0.00099259,1381.200,44.171,2.563371e+12,2.709446e+03,1.601336e+23,23.901,7.930,2.092,1014.510986
2014.10.05_06:48:00_TAI,90.0,2.744764e+22,30.151,101.606,101.254,40.635,0.11478183,3.161580e+13,0.00084625,1403.504,38.517,2.749965e+12,2.650304e+03,1.602036e+23,23.908,7.753,2.904,1013.766602
2014.10.05_07:00:00_TAI,90.2,2.749924e+22,30.371,101.467,101.101,40.873,0.07247995,3.201670e+13,0.00081918,1411.091,37.514,1.747117e+12,2.640314e+03,1.605782e+23,24.121,7.938,2.971,1021.429810
2014.10.05_07:12:00_TAI,90.4,2.764793e+22,30.350,101.046,100.690,40.763,0.07538559,3.265721e+13,0.00060620,1429.671,28.087,1.838446e+12,2.620915e+03,1.612674e+23,24.279,7.887,2.713,1020.908936
2014.10.05_07:24:00_TAI,90.6,2.764374e+22,30.245,102.476,102.029,41.653,0.11627892,3.291173e+13,0.00091814,1439.525,42.276,2.818182e+12,2.664889e+03,1.629610e+23,24.463,7.794,2.898,1010.741577
2014.10.05_07:36:00_TAI,90.8,2.745280e+22,30.553,102.968,102.581,41.788,0.12464967,3.321436e+13,0.00064537,1465.047,29.458,2.994971e+12,2.711946e+03,1.644087e+23,24.804,8.327,2.700,1020.972717
2014.10.05_07:48:00_TAI,91.0,2.711478e+22,30.721,102.793,102.540,42.169,0.10684714,3.343020e+13,0.00072912,1458.316,32.843,2.533222e+12,2.777744e+03,1.661695e+23,25.113,8.689,2.808,1021.729553
2014.10.05_08:00:00_TAI,91.2,2.663464e+22,30.867,103.822,103.473,42.700,0.11829989,3.319535e+13,0.00046016,1447.713,20.243,2.739330e+12,2.815176e+03,1.644832e+23,25.286,8.878,2.805,1018.989929
2014.10.05_08:12:00_TAI,91.4,2.622499e+22,31.132,104.786,104.543,43.143,0.11716267,3.340790e+13,0.00071013,1458.764,30.665,2.662938e+12,2.871052e+03,1.646556e+23,25.528,9.446,2.907,1026.750732
2014.10.05_08:24:00_TAI,91.6,2.550847e+22,31.168,105.206,105.022,43.409,0.11060192,3.249852e+13,0.00086463,1422.056,36.030,2.425702e+12,2.945051e+03,1.629818e+23,25.577,9.561,2.864,1032.557373
2014.10.05_08:36:00_TAI,91.8,2.497930e+22,31.347,105.137,105.216,43.395,0.05679270,3.187587e+13,0.00067742,1397.944,27.552,1.215712e+12,2.974086e+03,1.606468e+23,25.655,9.945,2.784,1033.817627
2014.10.05_08:48:00_TAI,92.0,2.453391e+22,31.196,105.967,106.360,43.075,0.02203806,3.160641e+13,0.00081773,1401.121,32.377,4.592251e+11,3.028573e+03,1.592502e+23,25.635,10.191,2.970,1037.875244
2014.10.05_09:00:00_TAI,92.2,2.392645e+22,31.438,105.220,105.653,42.913,0.03650938,3.062575e+13,0.00080682,1366.529,31.070,7.399304e+11,3.075689e+03,1.572999e+23,25.657,10.293,3.137,1038.818848
2014.10.05_09:12:00_TAI,92.4,2.343353e+22,31.132,105.957,106.392,43.036,0.04480714,2.947870e+13,0.00077371,1326.370,28.813,8.781313e+11,3.132154e+03,1.549049e+23,25.426,10.121,2.813,1051.919800
2014.10.05_09:24:00_TAI,92.6,2.349611e+22,30.983,105.582,106.247,42.727,-0.03954424,2.947768e+13,0.00063444,1332.347,23.746,1.685859e+12,3.094309e+03,1.538141e+23,25.053,9.690,2.560,1054.572266
2014.10.05_09:36:00_TAI,92.8,2.313799e+22,30.778,106.275,106.922,42.848,-0.04673398,2.852269e+13,0.00051574,1310.580,18.788,1.910608e+12,3.137726e+03,1.518052e+23,24.895,9.459,2.728,1063.415894
2014.10.05_09:48:00_TAI,93.0,2.302087e+22,30.542,106.197,106.948,42.567,-0.03391537,2.813053e+13,0.00097962,1298.081,35.353,6.440815e+11,3.160004e+03,1.514520e+23,24.601,8.969,2.849,1068.450806
2014.10.05_10:00:00_TAI,93.2,2.270768e+22,30.437,105.144,105.993,42.185,-0.02800064,2.715676e+13,0.00102688,1256.481,36.499,5.237111e+11,3.161518e+03,1.492363e+23,24.321,8.693,2.987,1053.965576
2014.10.05_10:12:00_TAI,93.4,2.272751e+22,30.502,104.435,105.176,41.809,-0.02691488,2.710701e+13,0.00100183,1251.642,35.769,5.056692e+11,3.126311e+03,1.482429e+23,24.334,8.651,2.991,1055.169800
2014.10.05_10:24:00_TAI,93.6,2.274988e+22,30.334,103.931,104.721,41.588,-0.09427962,2.689268e+13,0.00052695,1230.875,18.873,2.033975e+12,3.078908e+03,1.464449e+23,24.133,8.446,2.869,1050.489746
2014.10.05_10:36:00_TAI,93.8,2.272638e+22,30.121,104.005,104.681,41.292,-0.06558190,2.609671e+13,0.00067965,1207.954,24.223,1.229819e+12,3.088363e+03,1.461768e+23,24.074,8.072,2.871,1055.401978
2014.10.05_10:48:00_TAI,94.0,2.257069e+22,30.077,104.343,104.851,41.766,-0.06884117,2.572384e+13,0.00035281,1203.544,12.437,1.886631e+12,3.111237e+03,1.456522e+23,23.906,7.866,2.974,1054.078247
2014.10.05_11:00:00_TAI,94.2,2.272591e+22,30.035,103.877,104.347,41.377,-0.03013560,2.596820e+13,0.00083005,1205.369,29.692,5.671577e+11,3.067958e+03,1.457448e+23,23.885,7.993,2.768,1051.894653
2014.10.05_11:12:00_TAI,94.4,2.281938e+22,30.102,102.814,102.892,41.273,-0.05086140,2.602571e+13,0.00041932,1193.181,15.167,1.245850e+12,3.013383e+03,1.447530e+23,23.912,7.810,2.839,1058.756470
2014.10.05_11:24:00_TAI,94.6,2.284969e+22,30.138,103.148,103.338,41.372,-0.06811526,2.631017e+13,0.00023141,1211.839,8.377,1.991745e+12,3.026297e+03,1.454898e+23,23.977,7.691,2.777,1062.389160
2014.10.05_11:36:00_TAI,94.8,2.278312e+22,30.236,103.210,103.305,41.495,-0.08004464,2.587253e+13,0.00020275,1190.712,7.321,1.521079e+12,3.056808e+03,1.465954e+23,24.113,8.000,2.965,1073.582764
2014.10.05_11:48:00_TAI,95.0,2.304652e+22,30.406,103.300,103.576,41.502,-0.03656484,2.649720e+13,0.00040365,1208.615,14.850,1.145396e+12,3.026775e+03,1.478844e+23,24.120,8.260,3.114,1075.414307
2014.10.05_12:00:00_TAI,95.2,2.286365e+22,30.354,102.599,102.781,41.099,-0.04882421,2.609930e+13,0.00055992,1197.400,20.450,1.752616e+12,2.981808e+03,1.446261e+23,24.029,7.965,3.117,1072.402222
2014.10.05_12:12:00_TAI,95.4,2.276086e+22,30.140,102.364,102.592,41.077,-0.06169506,2.571788e+13,0.00090185,1171.164,32.854,1.182275e+12,2.948739e+03,1.426619e+23,23.980,7.867,2.790,1075.872070
2014.10.05_12:24:00_TAI,95.6,2.276738e+22,30.513,102.122,102.149,41.284,-0.12077269,2.618478e+13,0.00033635,1184.637,12.308,2.324734e+12,2.979645e+03,1.448061e+23,24.299,8.264,2.789,1071.705811
2014.10.05_12:36:00_TAI,95.8,2.271759e+22,30.830,101.881,101.859,41.141,-0.10486612,2.652381e+13,0.00025743,1188.890,9.452,2.025325e+12,2.993164e+03,1.459560e+23,24.648,8.816,2.475,1081.980835
2014.10.05_12:48:00_TAI,96.0,2.266992e+22,30.957,101.383,101.356,40.953,-0.05442383,2.630730e+13,0.00039720,1182.372,14.610,2.167468e+12,2.977247e+03,1.454448e+23,24.711,9.085,2.638,1089.973755
2014.10.05_13:00:00_TAI,96.2,2.278065e+22,30.830,101.957,102.131,41.225,-0.07742939,2.651134e+13,0.00046274,1187.807,17.058,1.730635e+12,2.964010e+03,1.451091e+23,24.552,8.792,1.947,1095.833252
2014.10.05_13:12:00_TAI,96.4,2.279009e+22,30.850,101.566,101.779,41.125,-0.10372294,2.680758e+13,0.00047517,1201.804,17.540,2.025904e+12,2.995521e+03,1.468508e+23,24.821,9.024,1.950,1099.759277
2014.10.05_13:24:00_TAI,96.6,2.266625e+22,31.210,102.235,102.478,41.374,-0.12093727,2.680944e+13,0.00037713,1196.286,13.847,2.335286e+12,3.026257e+03,1.475617e+23,25.067,9.568,2.754,1098.014648
2014.10.05_13:36:00_TAI,96.8,2.255981e+22,30.831,103.286,103.693,41.515,-0.08289739,2.673011e+13,0.00079584,1212.183,28.669,1.570608e+12,3.052049e+03,1.460227e+23,24.724,9.021,1.661,1115.849121
2014.10.05_13:48:00_TAI,97.0,2.268668e+22,30.730,104.509,104.915,41.797,-0.05148622,2.701422e+13,0.00067764,1226.131,24.570,1.073921e+12,3.035868e+03,1.461838e+23,24.751,9.044,2.702,1119.136597
2014.10.05_14:00:00_TAI,97.2,2.258232e+22,30.814,104.496,104.778,41.807,-0.06872351,2.700951e+13,0.00079668,1232.644,28.735,1.303574e+12,3.028686e+03,1.450818e+23,24.744,8.924,2.324,1117.578857
2014.10.05_14:12:00_TAI,97.4,2.240176e+22,30.909,105.337,105.712,42.409,-0.03583366,2.738091e+13,0.00119399,1253.079,42.401,6.692098e+11,3.036089e+03,1.431946e+23,24.753,9.137,2.524,1120.433228
2014.10.05_14:24:00_TAI,97.6,2.263425e+22,31.042,105.589,105.952,42.387,-0.04899625,2.777072e+13,0.00082114,1264.435,29.680,9.312579e+11,3.020096e+03,1.449712e+23,24.959,9.310,2.399,1122.269897
2014.10.05_14:36:00_TAI,97.8,2.239163e+22,31.024,106.825,107.269,43.094,-0.04582063,2.793569e+13,0.00108866,1278.599,38.542,8.529975e+11,3.105760e+03,1.460228e+23,25.003,9.468,2.714,1108.923828
2014.10.05_14:48:00_TAI,98.0,2.259693e+22,31.282,106.245,106.793,43.161,-0.02196750,2.855806e+13,0.00079102,1299.068,28.495,5.670280e+11,3.059936e+03,1.463959e+23,25.296,9.727,2.584,1124.172729
2014.10.05_15:00:00_TAI,98.2,2.279696e+22,31.741,106.717,107.091,43.661,-0.01935215,2.942035e+13,0.00093808,1317.796,34.376,7.931690e+11,3.034142e+03,1.476641e+23,25.608,10.140,1.545,1117.748169
2014.10.05_15:12:00_TAI,98.4,2.285067e+22,32.021,106.931,107.244,43.830,-0.00743983,2.940359e+13,0.00166239,1313.000,61.266,6.136842e+11,3.056067e+03,1.495753e+23,25.889,10.685,1.879,1121.148193
2014.10.05_15:24:00_TAI,98.6,2.300318e+22,31.963,107.725,107.940,44.378,0.00715441,3.016390e+13,0.00194949,1337.687,72.381,9.586938e+11,3.047323e+03,1.502603e+23,25.863,10.509,2.720,1132.695068
2014.10.05_15:36:00_TAI,98.8,2.346414e+22,31.997,108.150,108.281,44.545,0.04010923,3.093098e+13,0.00137197,1372.724,52.240,8.029683e+11,3.020512e+03,1.527411e+23,25.972,10.505,3.157,1130.221680
2014.10.05_15:48:00_TAI,99.0,2.376745e+22,32.192,108.356,108.334,44.774,0.03027379,3.140403e+13,0.00160276,1374.985,62.367,9.638328e+11,2.984397e+03,1.542242e+23,26.095,10.516,2.736,1129.353516
2014.10.05_16:00:00_TAI,99.2,2.421309e+22,32.301,109.206,108.940,45.086,0.08475807,3.194345e+13,0.00153571,1396.425,61.118,1.773477e+12,2.971738e+03,1.570707e+23,26.345,10.752,2.994,1134.491211
2014.10.05_16:12:00_TAI,99.4,2.469581e+22,32.306,108.757,108.421,45.119,0.11930022,3.293103e+13,0.00140101,1422.724,57.276,2.564177e+12,2.918312e+03,1.584481e+23,26.257,10.300,3.102,1140.751221
2014.10.05_16:24:00_TAI,99.6,2.523157e+22,31.890,107.614,107.067,44.710,0.05978943,3.331190e+13,0.00115914,1438.335,48.926,1.326801e+12,2.826985e+03,1.584753e+23,25.901,9.640,1.977,1137.001831
2014.10.05_16:36:00_TAI,99.8,2.568242e+22,31.744,106.743,106.219,44.266,0.04986379,3.376542e+13,0.00100910,1452.766,43.557,1.131502e+12,2.791544e+03,1.600217e+23,25.765,9.336,2.316,1134.126221
2014.10.05_16:48:00_TAI,100.0,2.594112e+22,31.783,106.508,105.716,44.159,0.04376567,3.372018e+13,0.00121752,1443.347,53.409,1.009328e+12,2.760915e+03,1.608509e+23,25.767,9.098,2.418,1131.166504
2014.10.05_17:00:00_TAI,100.2,2.618329e+22,31.606,105.690,104.692,43.693,0.10126059,3.372226e+13,0.00113166,1442.526,50.444,2.372830e+12,2.690312e+03,1.592600e+23,25.529,8.906,1.924,1132.375610
2014.10.05_17:12:00_TAI,100.4,2.624485e+22,31.600,104.931,103.914,43.318,0.06671597,3.341265e+13,0.00112019,1432.278,50.376,1.577217e+12,2.653534e+03,1.584783e+23,25.508,8.837,1.930,1131.114990
2014.10.05_17:24:00_TAI,100.6,2.603213e+22,31.679,104.817,103.890,43.155,0.08535806,3.277733e+13,0.00135034,1412.062,60.205,2.000720e+12,2.658360e+03,1.574144e+23,25.415,8.973,2.220,1136.220459
2014.10.05_17:36:00_TAI,100.8,2.583938e+22,31.546,104.961,104.027,42.975,0.06061715,3.230754e+13,0.00149984,1403.277,66.003,1.402286e+12,2.678203e+03,1.565229e+23,25.338,8.887,2.722,1138.705078
2014.10.05_17:48:00_TAI,101.0,2.555013e+22,31.345,105.008,104.147,42.977,0.07993712,3.173976e+13,0.00147679,1382.247,64.062,1.822860e+12,2.672877e+03,1.539859e+23,24.950,8.626,2.661,1140.292358
2014.10.05_18:24:00_TAI,101.6,2.464897e+22,31.015,107.969,107.682,43.392,0.11203588,3.048240e+13,0.00151341,1375.267,61.543,2.394887e+12,2.805015e+03,1.514846e+23,24.670,8.445,2.775,1152.037964
2014.10.05_18:36:00_TAI,101.8,2.430433e+22,31.027,109.484,109.292,43.959,0.12786649,3.060463e+13,0.00172116,1390.016,68.213,2.663843e+12,2.844157e+03,1.496967e+23,24.570,8.576,2.908,1158.282837
2014.10.05_18:48:00_TAI,102.0,2.409304e+22,31.304,110.795,110.744,44.389,0.07825847,3.077694e+13,0.00139522,1405.866,54.455,1.605632e+12,2.910946e+03,1.508886e+23,24.930,9.206,2.773,1164.465820
2014.10.05_19:00:00_TAI,102.2,2.388202e+22,31.385,111.879,112.080,44.961,0.14923716,3.095421e+13,0.00162512,1425.968,62.249,3.004873e+12,2.950412e+03,1.500857e+23,25.022,9.456,2.052,1162.452393
2014.10.05_19:12:00_TAI,102.4,2.361472e+22,31.262,113.674,113.944,45.513,0.11570383,3.075738e+13,0.00192559,1422.380,72.038,2.275433e+12,3.010728e+03,1.495874e+23,25.052,9.574,2.910,1169.881836
2014.10.05_19:24:00_TAI,102.6,2.360309e+22,31.381,113.394,113.908,45.213,0.17289843,3.075409e+13,0.00182764,1431.499,68.315,3.397231e+12,3.043661e+03,1.510903e+23,25.189,9.644,3.021,1169.339355
2014.10.05_19:36:00_TAI,102.8,2.355978e+22,31.735,113.167,113.693,45.767,0.15553813,3.100286e+13,0.00216495,1431.775,80.709,3.048041e+12,3.059290e+03,1.514639e+23,25.552,10.113,3.177,1180.052612
2014.10.05_19:48:00_TAI,103.0,2.371172e+22,31.846,113.534,114.019,46.135,0.19462752,3.171460e+13,0.00181206,1473.157,68.123,3.846417e+12,3.050976e+03,1.523327e+23,25.516,10.084,2.493,1184.752808
2014.10.05_20:00:00_TAI,103.2,2.363977e+22,31.888,113.945,114.389,46.648,0.26812494,3.147467e+13,0.00190456,1457.316,71.031,5.256554e+12,3.061247e+03,1.516218e+23,25.562,10.066,3.114,1191.172363
2014.10.05_20:12:00_TAI,103.4,2.374803e+22,31.912,114.002,114.533,46.830,0.16460153,3.093203e+13,0.00191131,1439.749,71.542,3.238958e+12,3.078805e+03,1.530557e+23,25.698,9.997,2.846,1195.403198
2014.10.05_20:24:00_TAI,103.6,2.393178e+22,31.885,113.643,113.934,46.683,0.20613889,3.101129e+13,0.00171518,1454.355,64.604,4.081598e+12,3.082233e+03,1.541799e+23,25.628,9.908,2.542,1194.010254
2014.10.05_20:36:00_TAI,103.8,2.420758e+22,32.097,113.807,113.873,47.221,0.18279018,3.132871e+13,0.00173578,1461.174,66.411,3.676595e+12,3.089188e+03,1.569729e+23,25.784,9.968,2.411,1187.364014
2014.10.05_20:48:00_TAI,104.0,2.446876e+22,32.244,113.129,113.087,47.151,0.18075734,3.131799e+13,0.00119636,1453.011,46.572,3.699034e+12,3.075132e+03,1.589785e+23,25.996,9.923,3.157,1193.333252
2014.10.05_21:00:00_TAI,104.2,2.466487e+22,31.939,113.119,113.118,46.839,0.25417238,3.103452e+13,0.00112661,1446.593,44.085,5.228598e+12,3.040317e+03,1.579983e+23,25.553,9.491,2.999,1184.614502
2014.10.05_21:12:00_TAI,104.4,2.525590e+22,31.826,113.484,113.205,47.010,0.23811664,3.209699e+13,0.00120906,1475.784,48.914,5.064244e+12,2.978314e+03,1.600169e+23,25.530,9.309,2.838,1188.916504
2014.10.05_21:24:00_TAI,104.6,2.532801e+22,32.035,111.860,111.612,46.614,0.25780457,3.184737e+13,0.00133165,1464.552,54.168,5.512999e+12,2.995123e+03,1.617991e+23,25.666,9.450,2.521,1196.961792
2014.10.05_21:36:00_TAI,104.8,2.562786e+22,32.077,110.932,110.658,46.104,0.22687857,3.224704e+13,0.00162139,1479.876,67.275,4.949071e+12,2.930175e+03,1.614659e+23,25.592,9.592,2.938,1195.576660
2014.10.05_21:48:00_TAI,105.0,2.562954e+22,31.833,110.924,110.596,46.227,0.25903434,3.175610e+13,0.00164919,1465.829,68.374,5.645973e+12,2.916171e+03,1.605626e+23,25.356,9.255,3.133,1198.883789
2014.10.05_22:00:00_TAI,105.2,2.574126e+22,31.805,110.749,110.238,46.219,0.22991771,3.214000e+13,0.00126711,1478.998,53.040,5.059902e+12,2.894469e+03,1.609091e+23,25.374,9.259,3.151,1198.490479
2014.10.05_22:12:00_TAI,105.4,2.567556e+22,31.755,110.975,110.375,46.187,0.21995826,3.203743e+13,0.00140899,1472.364,58.893,4.833987e+12,2.883077e+03,1.600500e+23,25.416,9.122,3.094,1205.545288
2014.10.05_22:24:00_TAI,105.6,2.577306e+22,31.698,110.237,109.683,45.972,0.21525872,3.186142e+13,0.00150920,1458.729,63.509,4.762713e+12,2.876356e+03,1.607541e+23,25.331,9.001,3.121,1206.765747
2014.10.05_22:36:00_TAI,105.8,2.579333e+22,31.763,109.855,109.153,45.766,0.27677900,3.171645e+13,0.00140692,1448.367,59.427,6.146850e+12,2.874559e+03,1.612530e+23,25.412,9.150,3.233,1211.597534
2014.10.05_22:48:00_TAI,106.0,2.569441e+22,31.994,109.789,109.096,46.051,0.22938702,3.179216e+13,0.00134520,1445.954,56.689,5.082752e+12,2.856162e+03,1.598530e+23,25.380,9.252,3.014,1211.386475
2014.10.05_23:00:00_TAI,106.2,2.571351e+22,31.779,109.912,109.477,45.784,0.24018630,3.160992e+13,0.00158602,1449.612,66.688,5.310157e+12,2.865219e+03,1.599985e+23,25.325,9.130,2.904,1220.545776
2014.10.05_23:12:00_TAI,106.4,2.557646e+22,31.903,109.253,108.814,45.694,0.28520775,3.161736e+13,0.00159577,1443.905,66.939,6.290955e+12,2.839718e+03,1.582048e+23,25.378,9.058,3.288,1213.640625
2014.10.05_23:24:00_TAI,106.6,2.549797e+22,31.753,109.507,109.016,45.286,0.26843381,3.103074e+13,0.00132266,1416.536,55.163,5.886654e+12,2.846246e+03,1.576462e+23,25.303,9.186,3.111,1223.538696
2014.10.05_23:36:00_TAI,106.8,2.538088e+22,31.869,109.807,109.297,45.652,0.23083089,3.102192e+13,0.00146154,1422.328,60.784,5.048071e+12,2.853376e+03,1.576016e+23,25.418,9.223,3.255,1217.462891
2014.10.05_23:48:00_TAI,107.0,2.540170e+22,31.980,110.232,109.547,46.050,0.25488195,3.134242e+13,0.00153724,1427.715,64.103,5.588917e+12,2.845132e+03,1.575619e+23,25.398,9.089,3.252,1215.351196
2014.10.06_00:00:00_TAI,107.2,2.551026e+22,31.718,111.171,110.768,45.952,0.26571018,3.149208e+13,0.00170216,1436.802,70.914,5.821315e+12,2.837490e+03,1.569992e+23,25.199,8.629,3.349,1224.902222
2014.10.06_00:12:00_TAI,107.4,2.559398e+22,31.510,111.954,111.482,46.224,0.28862631,3.191123e+13,0.00173998,1460.807,72.373,6.313199e+12,2.847944e+03,1.573205e+23,25.128,8.616,3.388,1224.371460
2014.10.06_00:24:00_TAI,107.6,2.540428e+22,31.365,111.299,110.782,46.007,0.28128138,3.117392e+13,0.00172952,1423.858,71.367,6.103869e+12,2.843315e+03,1.558186e+23,25.027,8.474,3.377,1233.454956
2014.10.06_00:36:00_TAI,107.8,2.583854e+22,31.322,111.105,110.500,46.051,0.24256748,3.155391e+13,0.00183633,1450.679,76.836,5.337492e+12,2.814959e+03,1.564217e+23,24.941,8.264,3.566,1246.526611
2014.10.06_00:48:00_TAI,108.0,2.593082e+22,31.401,110.844,110.115,46.115,0.26857466,3.168470e+13,0.00194017,1453.569,81.900,5.962295e+12,2.798634e+03,1.568935e+23,25.006,8.294,3.490,1246.712158
2014.10.06_01:00:00_TAI,108.2,2.604168e+22,31.190,111.972,111.182,46.337,0.31817335,3.184440e+13,0.00176859,1476.376,74.553,7.053830e+12,2.793074e+03,1.563667e+23,24.797,8.028,3.231,1249.926636
2014.10.06_01:12:00_TAI,108.4,2.606247e+22,31.168,111.862,111.388,46.444,0.25006080,3.177791e+13,0.00172044,1471.555,72.499,5.541941e+12,2.805833e+03,1.570251e+23,24.802,7.907,3.198,1253.676025
2014.10.06_01:24:00_TAI,108.6,2.609902e+22,31.159,111.595,111.124,46.365,0.23067963,3.197534e+13,0.00148385,1490.430,62.528,5.112885e+12,2.807782e+03,1.571453e+23,24.826,8.051,3.328,1247.728882
2014.10.06_01:36:00_TAI,108.8,2.606595e+22,31.262,112.651,112.032,46.674,0.25209787,3.228359e+13,0.00158913,1500.919,67.002,5.590645e+12,2.844089e+03,1.592604e+23,24.907,8.163,3.504,1248.509277
2014.10.06_01:48:00_TAI,109.0,2.598827e+22,31.365,112.322,111.839,46.623,0.22678080,3.217948e+13,0.00145199,1495.904,60.985,5.010223e+12,2.857410e+03,1.593992e+23,24.984,8.125,3.379,1252.208740
2014.10.06_02:00:00_TAI,109.2,2.607894e+22,31.235,112.925,112.381,46.816,0.24476123,3.197889e+13,0.00143339,1485.696,60.161,5.403453e+12,2.833924e+03,1.579686e+23,24.846,8.058,3.661,1248.611450
2014.10.06_02:12:00_TAI,109.4,2.592945e+22,31.385,112.830,112.287,47.234,0.22973512,3.225205e+13,0.00111468,1487.640,46.487,5.039448e+12,2.837114e+03,1.571366e+23,24.907,8.141,3.399,1256.044189
2014.10.06_02:24:00_TAI,109.6,2.590091e+22,31.389,113.250,112.571,47.346,0.25928915,3.248633e+13,0.00094357,1493.806,39.455,5.702854e+12,2.836044e+03,1.574917e+23,24.993,8.198,3.169,1250.956421
2014.10.06_02:36:00_TAI,109.8,2.555201e+22,31.440,113.889,113.257,47.563,0.21520004,3.178505e+13,0.00114445,1463.235,46.902,4.638944e+12,2.875923e+03,1.565247e+23,25.081,8.440,3.402,1258.769043
2014.10.06_02:48:00_TAI,110.0,2.555139e+22,31.645,113.558,113.023,47.608,0.20215529,3.249003e+13,0.00116516,1488.073,48.048,4.385045e+12,2.850158e+03,1.560915e+23,25.198,8.613,3.129,1252.330444
2014.10.06_03:00:00_TAI,110.2,2.545574e+22,31.892,114.368,114.015,47.829,0.19577171,3.286512e+13,0.00109188,1493.657,44.802,4.225433e+12,2.876307e+03,1.567366e+23,25.460,8.986,3.204,1249.565674
2014.10.06_03:12:00_TAI,110.4,2.523378e+22,31.813,114.821,114.724,47.880,0.22849934,3.253331e+13,0.00104109,1497.358,42.082,4.858567e+12,2.927027e+03,1.571293e+23,25.517,9.020,3.146,1246.358276
2014.10.06_03:24:00_TAI,110.6,2.477794e+22,31.938,116.425,116.415,48.577,0.29448268,3.230412e+13,0.00132062,1500.919,52.056,6.106131e+12,2.969507e+03,1.554502e+23,25.617,9.285,3.365,1246.744385
2014.10.06_03:36:00_TAI,110.8,2.441779e+22,32.123,116.940,116.958,49.109,0.26427618,3.210036e+13,0.00126284,1492.036,48.877,5.380889e+12,2.999997e+03,1.542097e+23,25.774,9.546,3.440,1252.140625
2014.10.06_03:48:00_TAI,111.0,2.406868e+22,32.175,118.065,118.186,49.301,0.25191030,3.237908e+13,0.00077911,1511.348,29.562,5.028461e+12,3.059237e+03,1.541671e+23,25.962,9.993,3.255,1248.770752
2014.10.06_04:00:00_TAI,111.2,2.360858e+22,32.546,117.870,118.228,49.285,0.23778625,3.201221e+13,0.00098897,1491.141,36.939,4.672153e+12,3.082248e+03,1.528911e+23,26.264,10.559,2.998,1249.371704
2014.10.06_04:12:00_TAI,111.4,2.330123e+22,32.483,118.540,118.995,49.621,0.25313336,3.181988e+13,0.00127366,1482.905,46.718,4.884532e+12,3.117215e+03,1.518520e+23,26.048,10.444,3.174,1248.318604
2014.10.06_04:24:00_TAI,111.6,2.298824e+22,32.586,118.754,119.359,49.632,0.14646274,3.155577e+13,0.00159702,1472.477,57.836,2.790692e+12,3.113950e+03,1.497865e+23,26.104,10.682,3.293,1250.358398
2014.10.06_04:36:00_TAI,111.8,2.274711e+22,32.746,118.657,119.369,49.598,0.14889452,3.208247e+13,0.00157655,1492.007,56.562,2.810182e+12,3.159514e+03,1.505389e+23,26.342,10.854,3.309,1249.639282
2014.10.06_04:48:00_TAI,112.0,2.249010e+22,32.799,118.733,119.517,49.225,0.21738277,3.209475e+13,0.00203262,1495.916,72.187,4.061548e+12,3.194201e+03,1.506603e+23,26.343,11.263,3.525,1247.168457
2014.10.06_05:00:00_TAI,112.2,2.250884e+22,32.710,118.588,119.418,48.768,0.18020809,3.195005e+13,0.00156201,1490.003,55.687,3.379796e+12,3.186709e+03,1.508782e+23,26.274,11.217,3.451,1261.021118
2014.10.06_05:12:00_TAI,112.4,2.248889e+22,32.654,118.959,119.816,49.100,0.13391192,3.212797e+13,0.00159110,1492.476,56.816,2.515608e+12,3.176902e+03,1.506587e+23,26.150,11.076,3.586,1254.925659
2014.10.06_05:24:00_TAI,112.6,2.239805e+22,32.598,119.072,119.697,48.850,0.10524696,3.176458e+13,0.00161681,1483.089,57.381,1.965000e+12,3.192675e+03,1.504781e+23,26.074,10.885,3.272,1255.776001
2014.10.06_05:36:00_TAI,112.8,2.252154e+22,32.224,118.495,119.217,48.204,0.20666233,3.118802e+13,0.00220134,1463.590,78.636,3.883907e+12,3.151580e+03,1.495206e+23,25.725,10.422,3.376,1251.978760
2014.10.06_05:48:00_TAI,113.0,2.264637e+22,32.013,118.334,118.672,48.414,0.20316274,3.114579e+13,0.00236368,1465.416,84.970,3.842182e+12,3.135308e+03,1.496854e+23,25.541,9.895,3.424,1244.991211
2014.10.06_06:24:00_TAI,113.6,2.326165e+22,32.272,115.510,115.295,48.024,0.25428391,3.178714e+13,0.00257378,1457.277,98.571,5.123421e+12,2.947150e+03,1.499041e+23,25.492,9.548,3.272,1258.999390
2014.10.06_06:36:00_TAI,113.8,2.360895e+22,32.467,115.288,114.760,48.044,0.15583102,3.245236e+13,0.00200606,1469.820,78.838,3.221707e+12,2.953676e+03,1.541586e+23,25.852,9.789,3.602,1260.653198
2014.10.06_06:48:00_TAI,114.0,2.367018e+22,32.479,114.704,114.038,48.056,0.22467273,3.238519e+13,0.00198242,1457.830,78.789,4.697641e+12,2.910144e+03,1.536103e+23,25.934,9.777,3.475,1259.256836
2014.10.06_07:00:00_TAI,114.2,2.360510e+22,32.172,114.695,114.162,48.035,0.22298864,3.217387e+13,0.00153332,1452.563,60.471,4.626608e+12,2.912110e+03,1.525346e+23,25.719,9.282,3.321,1264.094360
2014.10.06_07:12:00_TAI,114.4,2.373666e+22,32.315,114.202,113.548,48.451,0.20819049,3.291634e+13,0.00196574,1474.255,78.567,4.377352e+12,2.900537e+03,1.539623e+23,25.955,9.550,3.278,1266.619263
2014.10.06_07:24:00_TAI,114.6,2.367914e+22,32.725,113.898,113.059,48.675,0.20757525,3.300960e+13,0.00195763,1476.576,78.475,4.377248e+12,2.881778e+03,1.534181e+23,26.292,10.130,3.396,1255.979858
2014.10.06_07:36:00_TAI,114.8,2.378588e+22,32.650,114.246,113.596,48.485,0.20309833,3.347992e+13,0.00199609,1478.942,80.708,4.319748e+12,2.873480e+03,1.542967e+23,26.316,10.024,3.152,1251.869629
2014.10.06_07:48:00_TAI,115.0,2.350308e+22,32.887,115.531,114.866,49.398,0.19739969,3.389464e+13,0.00239398,1500.952,95.206,4.129635e+12,2.920593e+03,1.542550e+23,26.485,10.302,3.182,1260.017578
2014.10.06_08:00:00_TAI,115.2,2.315831e+22,33.041,116.048,115.418,49.884,0.25346336,3.342757e+13,0.00252426,1493.781,98.688,5.212947e+12,2.945952e+03,1.529692e+23,26.564,10.545,3.323,1253.538696
2014.10.06_08:12:00_TAI,115.4,2.263102e+22,32.972,116.958,116.410,50.443,0.24436705,3.319243e+13,0.00267541,1488.796,101.157,4.860088e+12,3.013703e+03,1.513281e+23,26.644,10.637,3.310,1247.071655
2014.10.06_08:24:00_TAI,115.6,2.230789e+22,33.101,117.810,117.436,50.794,0.26211935,3.258053e+13,0.00233079,1479.188,86.020,5.088554e+12,3.089338e+03,1.514213e+23,26.669,10.827,2.819,1253.352661
2014.10.06_08:36:00_TAI,115.8,2.187639e+22,33.294,118.306,118.332,50.965,0.22656213,3.184410e+13,0.00213011,1452.890,76.418,4.275444e+12,3.131691e+03,1.492133e+23,26.878,11.035,3.167,1247.318604
2014.10.06_08:48:00_TAI,116.0,2.148019e+22,33.305,118.815,119.050,51.092,0.21488519,3.125624e+13,0.00275455,1428.895,96.533,3.961079e+12,3.186994e+03,1.483311e+23,26.941,11.220,2.438,1251.968506
2014.10.06_09:00:00_TAI,116.2,2.103265e+22,33.251,118.708,119.318,51.273,0.12258491,3.136523e+13,0.00250116,1440.241,85.607,2.206808e+12,3.223538e+03,1.465258e+23,27.055,11.523,3.428,1235.328491
2014.10.06_09:12:00_TAI,116.4,2.055082e+22,33.360,119.132,119.771,51.380,0.08273135,2.992917e+13,0.00262022,1387.430,86.617,1.438451e+12,3.270671e+03,1.435906e+23,26.865,11.280,3.420,1250.725952
2014.10.06_09:24:00_TAI,116.6,2.058390e+22,33.669,118.495,118.937,51.332,0.14328535,3.053922e+13,0.00285008,1404.831,95.432,2.523347e+12,3.257818e+03,1.448694e+23,27.195,11.931,3.253,1238.605835
2014.10.06_09:36:00_TAI,116.8,2.036621e+22,33.420,118.593,119.161,51.108,0.00839762,2.978378e+13,0.00266813,1383.937,87.784,1.073794e+12,3.298254e+03,1.441139e+23,26.932,11.547,3.479,1235.484497
2014.10.06_09:48:00_TAI,117.0,2.008413e+22,33.493,119.096,119.812,51.223,0.05608991,2.924456e+13,0.00297721,1378.591,95.872,1.454200e+12,3.339044e+03,1.427965e+23,26.986,11.440,3.547,1244.318359
2014.10.06_10:00:00_TAI,117.2,1.995835e+22,33.752,119.527,120.084,51.501,0.07403715,2.914390e+13,0.00366711,1369.488,117.718,3.611402e+12,3.320775e+03,1.415742e+23,27.013,11.781,3.435,1244.300049
2014.10.06_10:12:00_TAI,117.4,1.994389e+22,33.699,119.416,119.826,51.602,0.02447022,2.899961e+13,0.00331845,1357.339,106.174,1.611086e+12,3.357619e+03,1.426723e+23,27.003,11.795,3.399,1253.235962
2014.10.06_10:24:00_TAI,117.6,1.989019e+22,33.758,119.280,119.692,51.516,0.06587759,2.934005e+13,0.00341085,1366.317,108.834,1.680404e+12,3.412802e+03,1.446364e+23,27.138,11.876,3.411,1249.589600
2014.10.06_10:36:00_TAI,117.8,1.977634e+22,33.538,119.127,119.730,51.426,0.02057720,2.883426e+13,0.00364170,1347.483,115.209,3.287999e+12,3.387653e+03,1.423289e+23,26.958,11.787,3.193,1252.798828
2014.10.06_10:48:00_TAI,118.0,1.966674e+22,33.452,120.299,120.651,51.618,0.02752203,2.865670e+13,0.00372483,1338.375,116.956,2.706249e+12,3.356069e+03,1.399501e+23,26.747,11.051,2.705,1246.533203
2014.10.06_11:00:00_TAI,118.2,1.951660e+22,33.399,119.858,120.081,51.179,0.05705862,2.851011e+13,0.00346455,1340.004,107.668,1.928081e+12,3.373833e+03,1.392481e+23,26.860,11.108,3.003,1247.737671
2014.10.06_11:12:00_TAI,118.4,1.965064e+22,33.403,118.857,119.009,50.825,0.04290448,2.840877e+13,0.00363171,1327.252,114.097,1.242203e+12,3.345361e+03,1.395879e+23,26.804,11.054,3.364,1253.931763
2014.10.06_11:24:00_TAI,118.6,1.967809e+22,33.311,119.160,119.412,50.839,0.11659193,2.790720e+13,0.00391197,1302.209,123.016,2.076117e+12,3.319124e+03,1.386122e+23,26.607,10.650,3.158,1244.398315
2014.10.06_11:36:00_TAI,118.8,1.983272e+22,33.438,118.821,118.988,50.768,0.08087131,2.814068e+13,0.00385357,1311.911,122.729,2.169689e+12,3.299222e+03,1.395424e+23,26.636,10.874,2.991,1259.253296
2014.10.06_11:48:00_TAI,119.0,1.993048e+22,33.471,119.328,119.522,51.034,-0.01670061,2.848048e+13,0.00407754,1335.839,130.444,3.286627e+12,3.287944e+03,1.396898e+23,26.617,10.709,2.890,1260.745483
2014.10.06_12:00:00_TAI,119.2,1.970017e+22,33.527,119.174,118.902,51.440,0.07161667,2.832567e+13,0.00405467,1327.889,128.115,2.457042e+12,3.332754e+03,1.398542e+23,26.775,10.801,3.215,1258.819092
2014.10.06_12:12:00_TAI,119.4,1.963825e+22,33.287,119.305,119.348,51.246,0.06514870,2.806075e+13,0.00417942,1330.046,131.096,2.368253e+12,3.338559e+03,1.390736e+23,26.539,10.479,3.286,1263.509033
2014.10.06_12:24:00_TAI,119.6,1.981946e+22,33.030,119.159,119.233,51.347,0.15443152,2.818711e+13,0.00407911,1323.786,129.218,2.990882e+12,3.278910e+03,1.379474e+23,26.300,9.902,3.192,1271.703125
2014.10.06_12:36:00_TAI,119.8,1.974276e+22,33.001,118.825,119.056,51.487,0.10855239,2.788150e+13,0.00459165,1326.605,143.971,3.809350e+12,3.290165e+03,1.370096e+23,26.268,10.068,3.373,1285.498657
2014.10.06_12:48:00_TAI,120.0,1.975706e+22,33.124,119.395,119.520,51.750,0.05752979,2.811909e+13,0.00443378,1342.427,139.105,2.947968e+12,3.317641e+03,1.382331e+23,26.425,10.353,3.210,1289.871948
2014.10.06_13:00:00_TAI,120.2,1.979561e+22,33.226,119.271,119.275,51.887,0.10716429,2.837664e+13,0.00454819,1332.135,143.586,4.279284e+12,3.324033e+03,1.393691e+23,26.466,10.541,3.160,1284.165283
2014.10.06_13:12:00_TAI,120.4,1.966876e+22,33.150,119.170,119.335,51.903,0.09225108,2.823734e+13,0.00429567,1332.952,134.308,2.561778e+12,3.327225e+03,1.381551e+23,26.412,10.340,3.089,1288.441772
2014.10.06_13:24:00_TAI,120.6,1.971063e+22,33.411,119.611,119.929,52.141,0.15546368,2.854486e+13,0.00383265,1338.272,120.322,2.565351e+12,3.325289e+03,1.386400e+23,26.630,10.649,2.880,1293.676758
2014.10.06_13:36:00_TAI,120.8,1.975031e+22,33.710,118.987,119.392,51.936,0.13384920,2.857263e+13,0.00440051,1335.716,139.157,4.328287e+12,3.331279e+03,1.399073e+23,26.959,11.254,2.556,1295.162720
2014.10.06_13:48:00_TAI,121.0,1.974455e+22,33.671,118.799,119.092,52.120,0.12719020,2.898998e+13,0.00420971,1353.814,133.242,3.258359e+12,3.311832e+03,1.392137e+23,27.026,11.696,3.066,1296.377075
2014.10.06_14:00:00_TAI,121.2,1.961332e+22,33.608,119.206,119.330,52.274,0.16778529,2.859916e+13,0.00389724,1335.186,121.937,2.759071e+12,3.323214e+03,1.380857e+23,26.930,11.365,2.807,1293.850098
2014.10.06_14:12:00_TAI,121.4,1.974322e+22,33.921,118.365,118.789,51.840,0.17232578,2.885984e+13,0.00424693,1341.316,135.002,3.737642e+12,3.291104e+03,1.389368e+23,27.134,11.769,3.029,1307.961914
2014.10.06_14:24:00_TAI,121.6,1.997358e+22,33.963,118.593,118.960,52.027,0.19013582,2.980949e+13,0.00414124,1373.837,133.891,4.357727e+12,3.248368e+03,1.394795e+23,27.194,11.552,3.028,1314.859131
2014.10.06_14:36:00_TAI,121.8,1.997179e+22,34.035,118.771,119.090,52.047,0.18274775,2.936741e+13,0.00347914,1353.188,112.366,3.101951e+12,3.273797e+03,1.404279e+23,27.251,11.632,2.979,1319.170044
2014.10.06_14:48:00_TAI,122.0,2.012300e+22,34.214,118.394,118.654,52.138,0.24462511,2.957260e+13,0.00394096,1361.097,128.546,4.193278e+12,3.279104e+03,1.420491e+23,27.476,11.972,3.136,1319.518066
2014.10.06_15:00:00_TAI,122.2,2.033649e+22,34.217,119.215,119.405,52.538,0.28870639,3.027045e+13,0.00362173,1374.988,119.716,5.015226e+12,3.273509e+03,1.437108e+23,27.353,11.825,3.259,1328.853638
2014.10.06_15:12:00_TAI,122.4,2.052429e+22,34.133,119.744,120.035,52.745,0.28889504,3.045561e+13,0.00394933,1393.403,131.611,5.059060e+12,3.260801e+03,1.443135e+23,27.358,11.922,3.361,1348.018921
2014.10.06_15:24:00_TAI,122.6,2.070329e+22,33.936,119.712,120.048,52.857,0.32919049,3.099622e+13,0.00349294,1415.913,117.768,5.832374e+12,3.227302e+03,1.445111e+23,27.212,11.564,3.199,1334.760620
2014.10.06_15:36:00_TAI,122.8,2.133543e+22,33.811,119.484,119.641,52.490,0.26040256,3.188801e+13,0.00321713,1444.696,113.069,4.809333e+12,3.150881e+03,1.470772e+23,27.208,11.247,3.326,1334.147583
2014.10.06_15:48:00_TAI,123.0,2.155801e+22,33.965,118.685,118.579,52.123,0.33352703,3.277183e+13,0.00263094,1473.249,94.385,6.287129e+12,3.115739e+03,1.484450e+23,27.438,11.529,3.122,1329.690430
2014.10.06_16:00:00_TAI,123.2,2.190000e+22,33.572,118.432,118.187,51.847,0.30361181,3.280044e+13,0.00256219,1467.894,93.384,5.814503e+12,3.074230e+03,1.488067e+23,27.118,10.895,3.261,1335.516846
2014.10.06_16:12:00_TAI,123.4,2.233898e+22,33.448,118.674,118.141,51.654,0.29345292,3.301459e+13,0.00300760,1474.667,112.674,5.776339e+12,3.006931e+03,1.496024e+23,27.080,10.768,3.035,1328.202881
2014.10.06_16:24:00_TAI,123.6,2.256307e+22,33.221,118.545,117.710,51.310,0.32607794,3.363274e+13,0.00292532,1494.967,111.036,6.503047e+12,2.963131e+03,1.493672e+23,26.905,10.343,3.275,1334.138794
2014.10.06_16:36:00_TAI,123.8,2.272400e+22,33.219,117.900,117.022,51.079,0.38485408,3.337080e+13,0.00285287,1476.029,109.839,7.785304e+12,2.879980e+03,1.472602e+23,26.670,10.051,3.110,1334.576172
2014.10.06_16:48:00_TAI,124.0,2.277270e+22,33.079,117.306,116.491,50.598,0.37139532,3.282763e+13,0.00307540,1460.903,118.461,7.516437e+12,2.857924e+03,1.462007e+23,26.362,9.725,3.076,1349.158813
2014.10.06_17:00:00_TAI,124.2,2.283792e+22,32.870,118.394,117.400,50.938,0.36939606,3.246917e+13,0.00354511,1461.871,136.129,7.452577e+12,2.852198e+03,1.454532e+23,26.148,9.352,3.220,1349.901489
2014.10.06_17:12:00_TAI,124.4,2.272029e+22,32.773,118.377,117.550,50.496,0.27291536,3.239643e+13,0.00309015,1457.268,117.769,5.464565e+12,2.858793e+03,1.446924e+23,26.131,9.543,2.890,1356.186157
2014.10.06_17:24:00_TAI,124.6,2.275935e+22,32.446,119.763,119.101,50.388,0.31275079,3.200092e+13,0.00319085,1453.724,120.467,6.203782e+12,2.846228e+03,1.427146e+23,25.783,8.849,2.877,1364.203613
2014.10.06_17:36:00_TAI,124.8,2.260524e+22,32.009,120.941,120.295,50.389,0.29491225,3.142481e+13,0.00281643,1447.418,104.166,5.730415e+12,2.868282e+03,1.408835e+23,25.547,8.463,2.598,1373.156860
2014.10.06_17:48:00_TAI,125.0,2.247312e+22,32.232,121.152,120.468,50.471,0.29387683,3.168726e+13,0.00298270,1449.874,109.724,5.680446e+12,2.873560e+03,1.404062e+23,25.617,8.670,2.924,1375.079712
2014.10.06_18:24:00_TAI,125.6,2.166700e+22,31.957,124.027,123.715,51.829,0.30499497,3.047916e+13,0.00304603,1459.600,103.897,5.465666e+12,2.975479e+03,1.347919e+23,25.290,8.707,2.100,1363.028442
2014.10.06_18:36:00_TAI,125.8,2.136959e+22,31.993,125.234,125.299,52.164,0.27085677,3.054471e+13,0.00312627,1469.973,104.033,4.735201e+12,3.021134e+03,1.335140e+23,25.382,9.036,2.886,1358.520874
2014.10.06_19:12:00_TAI,126.4,2.132551e+22,33.045,125.177,125.659,52.873,0.29688182,3.136343e+13,0.00289360,1489.672,96.803,5.217783e+12,3.031636e+03,1.346907e+23,26.129,10.552,2.867,1374.196899
2014.10.06_19:24:00_TAI,126.6,2.130118e+22,33.341,125.102,125.606,53.107,0.27517399,3.150591e+13,0.00317413,1486.006,106.492,4.850152e+12,3.055151e+03,1.361249e+23,26.396,10.903,2.981,1365.823730
2014.10.06_19:36:00_TAI,126.8,2.155409e+22,33.360,124.187,124.684,52.974,0.29745784,3.204733e+13,0.00263171,1507.085,90.055,5.347489e+12,3.028781e+03,1.376410e+23,26.461,11.023,2.877,1372.273438
2014.10.06_19:48:00_TAI,127.0,2.154557e+22,33.288,123.602,124.186,52.960,0.37132227,3.171481e+13,0.00260399,1486.109,89.088,6.674043e+12,3.017079e+03,1.370811e+23,26.298,10.657,2.751,1385.231079
2014.10.06_20:00:00_TAI,127.2,2.175116e+22,33.248,123.007,123.292,52.792,0.44090784,3.192339e+13,0.00184483,1484.253,63.984,8.034140e+12,3.014644e+03,1.388602e+23,26.539,10.870,2.666,1392.855713
2014.10.06_20:12:00_TAI,127.4,2.194181e+22,33.321,122.181,122.595,52.417,0.42710921,3.197083e+13,0.00167122,1489.720,58.610,7.869383e+12,3.022947e+03,1.407923e+23,26.580,10.716,2.822,1399.632568
2014.10.06_20:24:00_TAI,127.6,2.211995e+22,32.924,122.680,122.912,52.678,0.43251735,3.180824e+13,0.00125938,1486.474,44.450,8.020227e+12,2.984642e+03,1.399001e+23,26.250,10.197,2.981,1392.034790
2014.10.06_20:36:00_TAI,127.8,2.240929e+22,32.937,122.308,122.174,52.472,0.39036974,3.186121e+13,0.00128839,1477.731,46.354,7.379037e+12,2.952682e+03,1.410842e+23,26.283,10.075,3.092,1391.270020
2014.10.06_20:48:00_TAI,128.0,2.264110e+22,32.764,121.202,121.078,51.806,0.36743030,3.170363e+13,0.00153397,1464.386,55.987,7.045692e+12,2.907599e+03,1.409341e+23,26.230,9.880,3.188,1392.139648
2014.10.06_21:00:00_TAI,128.2,2.282540e+22,32.827,122.003,121.744,52.483,0.44266078,3.238653e+13,0.00113234,1488.505,41.769,8.579093e+12,2.903713e+03,1.422497e+23,26.189,9.659,2.937,1392.455933
2014.10.06_21:12:00_TAI,128.4,2.298372e+22,33.131,120.954,120.410,52.262,0.41400236,3.269522e+13,0.00083767,1484.608,31.429,8.161472e+12,2.866920e+03,1.428573e+23,26.459,10.096,2.844,1399.536255
2014.10.06_21:24:00_TAI,128.6,2.318019e+22,33.100,120.564,120.202,51.982,0.34848315,3.287652e+13,0.00104749,1493.164,39.785,6.954363e+12,2.851672e+03,1.438434e+23,26.377,10.021,3.258,1400.199829
2014.10.06_21:36:00_TAI,128.8,2.325216e+22,33.190,119.986,119.346,51.815,0.42980683,3.282802e+13,0.00135654,1491.167,51.851,8.631828e+12,2.835163e+03,1.439181e+23,26.418,9.832,3.335,1391.065430
2014.10.06_21:48:00_TAI,129.0,2.307426e+22,33.228,120.025,119.459,51.657,0.34222585,3.235320e+13,0.00144627,1470.720,54.971,6.834750e+12,2.832391e+03,1.429762e+23,26.519,9.797,3.359,1380.806274
2014.10.06_22:00:00_TAI,129.2,2.327108e+22,33.203,119.984,119.438,51.580,0.30535516,3.260204e+13,0.00117928,1473.572,45.245,6.155939e+12,2.802522e+03,1.428009e+23,26.455,9.670,3.307,1377.911499
2014.10.06_22:12:00_TAI,129.4,2.323995e+22,32.813,121.026,120.421,51.864,0.29523271,3.237247e+13,0.00165316,1484.971,62.858,5.898460e+12,2.817525e+03,1.422744e+23,26.249,9.297,3.292,1377.376953
2014.10.06_22:24:00_TAI,129.6,2.307997e+22,32.722,121.192,120.496,51.845,0.37639531,3.198717e+13,0.00176638,1480.374,66.287,7.422651e+12,2.832941e+03,1.411980e+23,26.110,9.187,3.260,1379.141357
2014.10.06_22:36:00_TAI,129.8,2.297261e+22,32.633,121.931,121.501,52.026,0.36646944,3.176520e+13,0.00146189,1471.029,54.414,7.168322e+12,2.821946e+03,1.395071e+23,25.921,9.066,3.464,1377.699585
2014.10.06_22:48:00_TAI,130.0,2.283319e+22,32.617,121.867,121.230,52.163,0.29465431,3.145536e+13,0.00128151,1458.885,47.419,5.729483e+12,2.819736e+03,1.385702e+23,25.808,8.718,3.394,1377.001221
2014.10.06_23:00:00_TAI,130.2,2.273351e+22,32.855,121.270,120.661,51.638,0.30138549,3.184390e+13,0.00175800,1460.615,65.086,5.863818e+12,2.821015e+03,1.387117e+23,26.185,9.345,3.332,1381.018555
2014.10.06_23:12:00_TAI,130.4,2.269838e+22,32.846,121.831,121.535,52.013,0.37332404,3.180924e+13,0.00155379,1470.591,57.366,7.243225e+12,2.825535e+03,1.385437e+23,26.017,8.962,3.128,1382.941650
2014.10.06_23:24:00_TAI,130.6,2.252844e+22,32.939,121.716,121.282,52.014,0.41906705,3.172210e+13,0.00147108,1452.050,53.831,8.058896e+12,2.851866e+03,1.385963e+23,26.178,9.318,2.972,1393.506592
2014.10.06_23:36:00_TAI,130.8,2.248481e+22,32.913,122.151,121.789,52.128,0.38984504,3.158074e+13,0.00100914,1457.735,36.785,7.468425e+12,2.843184e+03,1.376457e+23,26.219,9.437,3.138,1387.482666
2014.10.06_23:48:00_TAI,131.0,2.257541e+22,32.910,123.075,122.411,52.619,0.37387493,3.215276e+13,0.00112483,1477.671,41.222,7.200563e+12,2.787269e+03,1.356532e+23,26.094,9.330,2.967,1385.537964
2014.10.07_00:00:00_TAI,131.2,2.236866e+22,33.089,123.031,122.422,52.476,0.30366373,3.217627e+13,0.00103600,1472.320,37.712,5.809379e+12,2.797908e+03,1.352606e+23,26.262,9.631,2.916,1388.827393
2014.10.07_00:12:00_TAI,131.4,2.247728e+22,32.965,122.241,121.768,52.465,0.38816825,3.203205e+13,0.00114470,1472.523,41.889,7.465573e+12,2.807860e+03,1.364614e+23,26.116,8.917,2.890,1385.118530
2014.10.07_00:24:00_TAI,131.6,2.234399e+22,32.871,121.958,121.316,52.149,0.41418046,3.149492e+13,0.00145014,1451.380,52.692,7.909666e+12,2.781114e+03,1.342049e+23,26.037,9.049,2.678,1374.001831
2014.10.07_00:36:00_TAI,131.8,2.236837e+22,32.864,122.985,122.222,52.599,0.36196008,3.225547e+13,0.00096293,1484.402,34.999,6.915227e+12,2.802928e+03,1.353097e+23,26.172,9.098,3.097,1391.719360
2014.10.07_00:48:00_TAI,132.0,2.235373e+22,32.861,123.625,123.062,52.745,0.36674434,3.177204e+13,0.00064459,1472.568,23.290,6.964961e+12,2.777293e+03,1.332718e+23,25.915,8.895,3.023,1380.287354
2014.10.07_01:00:00_TAI,132.2,2.233785e+22,32.731,123.315,122.693,52.470,0.34375805,3.169755e+13,0.00140908,1470.458,50.907,6.528568e+12,2.759439e+03,1.324150e+23,25.896,8.662,2.873,1375.904053
2014.10.07_01:12:00_TAI,132.4,2.233127e+22,32.793,122.501,121.892,52.102,0.32608506,3.144047e+13,0.00098062,1463.741,35.542,6.212260e+12,2.767671e+03,1.332218e+23,26.019,9.110,2.593,1383.021118
2014.10.07_01:24:00_TAI,132.6,2.275012e+22,32.697,122.281,121.496,52.172,0.40174359,3.254780e+13,0.00082899,1497.191,30.941,7.881652e+12,2.709823e+03,1.343203e+23,26.003,8.959,2.784,1380.925537
2014.10.07_01:36:00_TAI,132.8,2.260238e+22,32.558,123.360,122.688,52.599,0.35913315,3.181682e+13,0.00056898,1481.261,20.815,6.906151e+12,2.789379e+03,1.355224e+23,25.767,8.610,3.154,1386.057373
2014.10.07_01:48:00_TAI,133.0,2.235689e+22,32.344,125.174,124.468,53.312,0.32253757,3.139981e+13,0.00006657,1467.364,2.382,6.067590e+12,2.832221e+03,1.346099e+23,25.611,8.405,2.846,1397.827881
2014.10.07_02:00:00_TAI,133.2,2.234634e+22,32.404,124.392,123.536,53.215,0.39431354,3.118755e+13,0.00022665,1452.536,8.138,7.442246e+12,2.793411e+03,1.331994e+23,25.607,8.447,2.695,1391.968018
2014.10.07_02:12:00_TAI,133.4,2.248958e+22,32.670,123.064,122.345,52.924,0.38678107,3.152900e+13,-0.00002887,1460.303,1.054,7.419368e+12,2.762616e+03,1.338809e+23,25.852,8.682,3.040,1392.129883
2014.10.07_02:24:00_TAI,133.6,2.248497e+22,32.878,123.057,122.312,53.047,0.40082803,3.179722e+13,0.00026406,1470.470,9.646,7.696975e+12,2.773568e+03,1.345517e+23,26.008,8.763,3.297,1398.166992
2014.10.07_02:36:00_TAI,133.8,2.266768e+22,32.535,122.850,122.092,52.618,0.40066496,3.168678e+13,0.00016824,1465.630,6.209,7.772758e+12,2.753666e+03,1.349539e+23,25.926,8.698,3.074,1399.423462
2014.10.07_02:48:00_TAI,134.0,2.264178e+22,32.509,124.035,123.245,53.312,0.45963761,3.179346e+13,0.00010601,1473.354,3.882,8.849549e+12,2.744317e+03,1.334789e+23,25.751,8.467,2.587,1393.598145
2014.10.07_03:00:00_TAI,134.2,2.257280e+22,32.509,123.894,123.149,53.318,0.44299617,3.192235e+13,0.00018854,1481.355,6.874,8.491325e+12,2.737978e+03,1.325779e+23,25.759,8.560,3.402,1393.060059
2014.10.07_03:12:00_TAI,134.4,2.244031e+22,32.554,125.289,124.728,53.621,0.48719546,3.199207e+13,0.00018491,1493.084,6.662,9.228031e+12,2.779046e+03,1.329721e+23,25.810,8.582,3.442,1400.070679
2014.10.07_03:24:00_TAI,134.6,2.241292e+22,32.616,125.167,124.630,53.778,0.53926837,3.229547e+13,0.00012818,1497.949,4.626,1.023265e+13,2.767965e+03,1.326771e+23,25.830,8.977,3.315,1404.305176
2014.10.07_03:36:00_TAI,134.8,2.224960e+22,32.567,125.115,124.825,53.869,0.46756339,3.203670e+13,-0.00037862,1493.557,13.514,8.773588e+12,2.818359e+03,1.335918e+23,25.829,8.795,3.226,1407.747925
2014.10.07_03:48:00_TAI,135.0,2.226183e+22,32.484,124.979,124.737,53.283,0.45378903,3.214540e+13,0.00013087,1487.155,4.681,8.533595e+12,2.781073e+03,1.321088e+23,25.871,8.963,3.382,1417.435303
2014.10.07_04:00:00_TAI,135.2,2.177671e+22,32.373,125.887,125.797,53.601,0.41158363,3.170451e+13,0.00021124,1497.679,7.293,7.470595e+12,2.816198e+03,1.291210e+23,25.660,8.788,2.840,1421.283203
2014.10.07_04:12:00_TAI,135.4,2.162375e+22,32.409,127.391,127.285,54.147,0.39125216,3.156703e+13,-0.00021095,1496.358,7.189,7.009889e+12,2.843706e+03,1.286979e+23,25.671,8.947,3.415,1419.868164
2014.10.07_04:24:00_TAI,135.6,2.140681e+22,32.524,127.309,127.425,54.287,0.38738582,3.149207e+13,0.00040346,1493.812,13.651,6.891391e+12,2.843948e+03,1.277948e+23,25.668,9.132,3.282,1425.461670
2014.10.07_04:36:00_TAI,135.8,2.138702e+22,32.346,127.476,127.827,54.264,0.37158191,3.241935e+13,0.00002624,1542.082,0.887,6.604827e+12,2.819478e+03,1.265904e+23,25.512,8.939,3.252,1434.137207
2014.10.07_04:48:00_TAI,136.0,2.114803e+22,32.681,127.891,128.138,54.552,0.42747957,3.280777e+13,-0.00004844,1556.605,1.619,7.510570e+12,2.863227e+03,1.270679e+23,25.867,9.830,2.733,1432.070801
2014.10.07_05:00:00_TAI,136.2,2.074766e+22,32.542,129.259,129.353,54.918,0.34866896,3.212981e+13,-0.00048516,1527.021,15.752,5.951790e+12,2.927022e+03,1.262062e+23,25.875,10.075,3.301,1425.529541
2014.10.07_05:12:00_TAI,136.4,2.074179e+22,32.530,129.580,129.762,54.861,0.36287597,3.214256e+13,-0.00026575,1524.193,8.648,6.209016e+12,2.911525e+03,1.258357e+23,25.854,9.999,2.946,1431.832886
2014.10.07_05:24:00_TAI,136.6,2.055769e+22,32.488,129.230,129.314,54.557,0.38967851,3.135723e+13,0.00038640,1491.373,12.439,6.595518e+12,2.904080e+03,1.241564e+23,25.817,9.881,3.192,1433.493408
2014.10.07_05:36:00_TAI,136.8,2.019930e+22,32.148,129.936,129.703,54.924,0.40054837,3.037847e+13,0.00044367,1458.359,13.921,6.607865e+12,2.916378e+03,1.215256e+23,25.558,9.207,3.324,1434.492798
2014.10.07_05:48:00_TAI,137.0,2.019529e+22,32.382,129.155,128.615,54.707,0.44745135,3.070042e+13,0.00082956,1463.574,26.310,7.461136e+12,2.913321e+03,1.227059e+23,25.751,9.447,3.316,1443.499878
2014.10.07_06:24:00_TAI,137.6,2.033166e+22,31.941,128.216,127.301,54.276,0.38599089,2.951919e+13,0.00050245,1397.200,16.138,6.518417e+12,2.803155e+03,1.195736e+23,25.191,8.552,3.286,1426.954468
2014.10.07_06:36:00_TAI,137.8,2.055032e+22,31.943,127.707,126.650,53.986,0.34490052,2.985422e+13,0.00032162,1407.074,10.568,5.959015e+12,2.758679e+03,1.203948e+23,25.236,8.408,3.480,1439.595947
2014.10.07_06:48:00_TAI,138.0,2.064482e+22,31.922,127.740,126.570,54.087,0.34942749,2.996588e+13,0.00023582,1403.867,7.817,6.089724e+12,2.711778e+03,1.193779e+23,25.122,8.559,2.911,1443.373291
2014.10.07_07:00:00_TAI,138.2,2.066103e+22,32.112,128.110,126.702,54.671,0.31961250,3.009779e+13,0.00049222,1403.354,16.432,5.609553e+12,2.695662e+03,1.195098e+23,25.257,8.396,3.191,1426.515137
2014.10.07_07:12:00_TAI,138.4,2.083666e+22,32.401,127.213,125.875,54.256,0.34503666,3.047382e+13,0.00035604,1400.168,12.134,6.182508e+12,2.661742e+03,1.204769e+23,25.536,8.761,3.211,1422.948975
2014.10.07_07:24:00_TAI,138.6,2.080563e+22,32.728,125.736,124.471,53.612,0.45720419,3.045383e+13,0.00045400,1388.800,15.586,8.252364e+12,2.653988e+03,1.210070e+23,25.664,8.811,3.358,1421.439575
2014.10.07_07:36:00_TAI,138.8,2.105612e+22,32.628,125.519,124.144,53.806,0.36868456,3.161051e+13,0.00001212,1429.792,0.425,6.789043e+12,2.610064e+03,1.214100e+23,25.771,8.816,3.376,1423.543579
2014.10.07_07:48:00_TAI,139.0,2.108418e+22,32.570,125.874,124.632,53.917,0.36299911,3.179318e+13,-0.00014582,1426.427,5.125,6.707150e+12,2.567789e+03,1.198527e+23,25.665,8.803,3.403,1427.883423
2014.10.07_08:00:00_TAI,139.2,2.093948e+22,32.865,125.387,124.324,53.909,0.40683088,3.190158e+13,-0.00065891,1423.618,23.106,7.500226e+12,2.593405e+03,1.207797e+23,26.018,9.425,3.375,1422.371094
2014.10.07_08:12:00_TAI,139.4,2.082163e+22,32.897,125.277,124.108,53.998,0.32267573,3.229024e+13,-0.00018608,1432.186,6.500,5.925928e+12,2.617931e+03,1.214560e+23,26.124,9.787,3.286,1428.370972
2014.10.07_08:24:00_TAI,139.6,2.057494e+22,32.711,126.534,125.768,54.424,0.29235142,3.215645e+13,0.00003696,1433.690,1.264,5.255961e+12,2.615580e+03,1.187938e+23,26.016,9.611,3.332,1424.233032
2014.10.07_08:36:00_TAI,139.8,2.034757e+22,32.790,126.524,126.004,54.244,0.29799566,3.205966e+13,-0.00007118,1431.624,2.396,5.273675e+12,2.647706e+03,1.183753e+23,26.121,9.764,3.147,1417.041138
2014.10.07_08:48:00_TAI,140.0,2.014459e+22,32.855,127.689,127.200,54.593,0.32902768,3.201909e+13,-0.00028777,1434.806,9.562,5.747144e+12,2.701888e+03,1.192296e+23,26.189,9.919,3.069,1419.145020
2014.10.07_09:00:00_TAI,140.2,1.987423e+22,32.674,128.662,128.186,55.243,0.27695227,3.157192e+13,0.00028162,1432.146,9.139,4.724314e+12,2.734095e+03,1.178296e+23,25.947,9.596,3.152,1429.374268
2014.10.07_09:12:00_TAI,140.4,1.938864e+22,32.750,127.492,127.427,54.777,0.22949032,3.020180e+13,0.00042001,1375.362,13.236,3.801573e+12,2.783791e+03,1.165072e+23,26.168,9.951,3.249,1422.923950
2014.10.07_09:24:00_TAI,140.6,1.924724e+22,32.986,127.277,127.485,54.787,0.33015257,3.005847e+13,-0.00003595,1371.587,1.124,5.426420e+12,2.771463e+03,1.150895e+23,26.225,10.122,3.620,1433.842651
2014.10.07_09:36:00_TAI,140.8,1.921513e+22,32.674,128.803,129.317,55.212,0.27007067,3.026929e+13,0.00078408,1386.847,24.262,4.392517e+12,2.774576e+03,1.140175e+23,25.901,9.721,3.485,1430.246216
2014.10.07_09:48:00_TAI,141.0,1.891199e+22,33.053,128.871,129.481,55.296,0.30513382,3.026502e+13,0.00026156,1391.802,7.955,4.877982e+12,2.831189e+03,1.143587e+23,26.219,10.593,3.404,1429.901978
2014.10.07_10:00:00_TAI,141.2,1.874484e+22,33.030,128.844,129.476,55.549,0.31363213,2.979664e+13,0.00120885,1375.786,36.169,4.932105e+12,2.843121e+03,1.129717e+23,26.087,10.174,3.454,1427.571045
2014.10.07_10:12:00_TAI,141.4,1.873640e+22,33.010,129.707,130.503,55.530,0.26616371,2.946935e+13,0.00005044,1356.926,1.507,4.179634e+12,2.833772e+03,1.124421e+23,26.074,9.991,3.105,1429.169189
2014.10.07_10:24:00_TAI,141.6,1.847317e+22,32.817,130.187,130.819,55.713,0.27317896,2.876840e+13,0.00023207,1342.155,6.765,4.185151e+12,2.828279e+03,1.094897e+23,25.921,9.822,3.386,1421.689941
2014.10.07_10:36:00_TAI,141.8,1.833641e+22,32.685,131.321,131.617,55.993,0.23997448,2.847554e+13,0.00010268,1330.519,2.959,3.634347e+12,2.878907e+03,1.101765e+23,25.905,9.595,3.213,1414.759277
2014.10.07_10:48:00_TAI,142.0,1.819222e+22,32.734,130.658,131.232,55.860,0.34406924,2.799415e+13,0.00026270,1316.195,7.504,5.164927e+12,2.900636e+03,1.100334e+23,25.942,9.645,3.286,1411.083374
2014.10.07_11:00:00_TAI,142.2,1.808434e+22,32.642,130.530,130.973,55.599,0.19974551,2.821180e+13,-0.00011323,1321.481,3.217,2.982708e+12,2.878260e+03,1.086151e+23,25.935,9.646,3.605,1414.430542
2014.10.07_11:12:00_TAI,142.4,1.816676e+22,32.802,129.672,130.180,55.277,0.28659424,2.827373e+13,0.00019423,1317.859,5.587,4.332609e+12,2.847648e+03,1.087949e+23,25.992,9.730,3.516,1422.874023
2014.10.07_11:24:00_TAI,142.6,1.827856e+22,32.621,128.947,129.425,54.720,0.18212162,2.857031e+13,0.00063110,1332.573,18.252,2.767792e+12,2.861220e+03,1.098948e+23,26.069,9.692,3.467,1425.303223
2014.10.07_11:36:00_TAI,142.8,1.802785e+22,32.717,129.378,129.930,55.278,0.30069876,2.785433e+13,0.00020832,1303.859,5.921,4.491351e+12,2.882624e+03,1.088181e+23,25.954,9.657,3.452,1418.155273
2014.10.07_11:48:00_TAI,143.0,1.810724e+22,32.368,129.870,130.290,55.272,0.19406731,2.804595e+13,0.00024824,1315.339,7.064,2.901629e+12,2.832758e+03,1.070485e+23,25.777,9.362,3.541,1405.088013
2014.10.07_12:00:00_TAI,143.2,1.808512e+22,32.226,129.900,130.147,55.674,0.19939581,2.768895e+13,0.00020100,1308.121,5.688,2.964858e+12,2.847013e+03,1.069974e+23,25.616,8.930,3.540,1421.260498
2014.10.07_12:12:00_TAI,143.4,1.820487e+22,32.431,129.151,129.289,55.626,0.29463008,2.812164e+13,0.00074357,1311.081,21.364,4.447803e+12,2.836519e+03,1.082341e+23,25.926,9.536,3.384,1424.143188
2014.10.07_12:24:00_TAI,143.6,1.807208e+22,32.821,129.858,130.268,55.549,0.24055412,2.801845e+13,0.00039834,1303.286,11.374,3.608846e+12,2.837900e+03,1.076160e+23,25.868,9.585,3.446,1417.397339
2014.10.07_12:36:00_TAI,143.8,1.797597e+22,32.690,130.795,131.251,55.817,0.26999125,2.768942e+13,0.00071564,1299.650,20.148,3.993597e+12,2.864077e+03,1.070871e+23,25.852,9.679,3.436,1412.156128
2014.10.07_12:48:00_TAI,144.0,1.797508e+22,32.676,131.178,131.591,55.856,0.28874362,2.769894e+13,0.00037554,1301.332,10.586,4.276298e+12,2.865651e+03,1.072830e+23,25.732,9.507,3.214,1411.991699
2014.10.07_13:00:00_TAI,144.2,1.794602e+22,32.854,130.354,130.599,55.914,0.29715464,2.799763e+13,0.00037441,1310.432,10.581,4.411964e+12,2.855980e+03,1.071940e+23,25.924,9.585,3.245,1411.291870
2014.10.07_13:12:00_TAI,144.4,1.795732e+22,33.204,129.098,129.678,55.530,0.34826836,2.821574e+13,0.00000303,1302.463,0.087,5.224675e+12,2.840993e+03,1.077445e+23,26.122,10.019,3.383,1420.082275
2014.10.07_13:24:00_TAI,144.6,1.790906e+22,33.316,128.616,128.876,55.578,0.28183666,2.823647e+13,0.00004372,1298.951,1.250,4.232978e+12,2.853938e+03,1.083644e+23,26.494,10.682,3.230,1421.935669
2014.10.07_13:36:00_TAI,144.8,1.809424e+22,33.073,129.568,130.001,55.509,0.33107406,2.830602e+13,0.00000516,1313.578,0.148,4.997724e+12,2.837095e+03,1.082749e+23,26.213,10.359,3.450,1416.198975
2014.10.07_13:48:00_TAI,145.0,1.807722e+22,33.072,129.090,129.635,55.217,0.28366101,2.850126e+13,-0.00010236,1321.743,2.941,4.280529e+12,2.834152e+03,1.081287e+23,26.143,10.248,3.659,1423.030762
2014.10.07_14:00:00_TAI,145.2,1.838256e+22,33.169,128.630,128.868,55.551,0.24472709,2.979174e+13,0.00003251,1368.229,0.959,3.791618e+12,2.814486e+03,1.102490e+23,26.245,10.435,3.686,1436.243530
2014.10.07_14:12:00_TAI,145.4,1.859976e+22,33.075,128.318,128.868,54.954,0.25451455,2.993512e+13,0.00002192,1367.710,0.656,4.003032e+12,2.776313e+03,1.104055e+23,26.222,10.399,3.685,1438.796143
2014.10.07_14:24:00_TAI,145.6,1.866477e+22,32.994,128.379,128.964,54.972,0.22296312,2.965959e+13,-0.00016121,1357.873,4.840,3.515939e+12,2.742501e+03,1.093486e+23,26.138,10.252,3.558,1441.102417
2014.10.07_14:36:00_TAI,145.8,1.874618e+22,33.032,128.627,129.110,55.079,0.31174842,3.003922e+13,-0.00039914,1373.151,12.058,4.946490e+12,2.749334e+03,1.103039e+23,26.240,10.076,3.564,1435.682983
2014.10.07_14:48:00_TAI,146.0,1.916814e+22,32.996,127.954,128.284,54.888,0.32313061,3.101511e+13,-0.00064866,1403.802,20.284,5.307015e+12,2.687393e+03,1.116055e+23,26.181,10.124,3.631,1442.489136
2014.10.07_15:00:00_TAI,146.2,1.938660e+22,32.883,127.487,127.410,54.235,0.35141534,3.126496e+13,-0.00036490,1410.010,11.639,5.886941e+12,2.619945e+03,1.109825e+23,25.993,9.396,3.572,1437.711792
2014.10.07_15:12:00_TAI,146.4,1.957668e+22,32.774,126.879,127.037,53.754,0.38608077,3.114278e+13,-0.00048173,1402.599,15.543,6.542520e+12,2.623651e+03,1.124287e+23,25.836,9.288,3.656,1442.734985
2014.10.07_15:24:00_TAI,146.6,1.961736e+22,32.929,127.350,127.172,54.454,0.36872479,3.122087e+13,-0.00090728,1405.120,29.392,6.273234e+12,2.630727e+03,1.131826e+23,26.006,9.652,3.587,1444.843140
2014.10.07_15:36:00_TAI,146.8,2.008712e+22,32.929,127.137,126.726,54.456,0.38372406,3.209603e+13,-0.00104721,1421.380,35.249,6.782986e+12,2.559701e+03,1.144237e+23,26.012,9.436,3.632,1451.016846
2014.10.07_15:48:00_TAI,147.0,2.026564e+22,32.961,127.042,126.429,54.270,0.30123836,3.276862e+13,-0.00129916,1457.727,44.317,5.396454e+12,2.564658e+03,1.161882e+23,26.207,9.671,3.599,1454.227905
2014.10.07_16:00:00_TAI,147.2,2.045749e+22,32.959,127.299,126.606,54.335,0.32264364,3.248410e+13,-0.00131458,1437.774,45.232,5.829945e+12,2.531456e+03,1.156791e+23,26.003,9.384,3.562,1461.491333
2014.10.07_16:12:00_TAI,147.4,2.035859e+22,32.997,126.857,126.055,54.415,0.32592848,3.233773e+13,-0.00167191,1437.852,57.191,5.854782e+12,2.535155e+03,1.151714e+23,25.981,9.170,3.555,1463.537109
2014.10.07_16:24:00_TAI,147.6,2.055217e+22,32.946,126.787,125.735,54.741,0.33634964,3.230034e+13,-0.00128085,1440.899,44.261,6.103513e+12,2.529198e+03,1.160731e+23,25.759,9.011,3.449,1458.223999
2014.10.07_16:36:00_TAI,147.8,2.032249e+22,32.997,127.795,126.848,55.125,0.34743220,3.163230e+13,-0.00123402,1425.126,41.763,6.174435e+12,2.568000e+03,1.154222e+23,25.672,9.104,3.593,1464.599121
2014.10.07_16:48:00_TAI,148.0,2.029883e+22,32.705,129.449,128.247,55.549,0.27635840,3.144921e+13,-0.00097970,1431.885,32.732,4.848281e+12,2.591678e+03,1.149927e+23,25.455,8.704,3.586,1464.147705
2014.10.07_17:00:00_TAI,148.2,2.022782e+22,32.925,129.216,128.309,55.557,0.35681671,3.164656e+13,-0.00156706,1450.682,52.120,6.231790e+12,2.623973e+03,1.159063e+23,25.708,9.092,3.599,1458.099976
2014.10.07_17:12:00_TAI,148.4,2.001404e+22,32.986,128.490,127.462,55.315,0.26408616,3.136411e+13,-0.00071558,1446.855,23.548,4.563108e+12,2.624230e+03,1.146840e+23,25.775,9.123,3.529,1451.160278
2014.10.07_17:24:00_TAI,148.6,1.961096e+22,32.768,128.888,128.251,55.235,0.30671570,3.045247e+13,-0.00126982,1421.988,40.271,5.107505e+12,2.676543e+03,1.127296e+23,25.545,8.917,3.446,1450.547363
2014.10.07_17:36:00_TAI,148.8,1.967581e+22,32.733,129.985,129.374,55.731,0.21851596,3.075977e+13,-0.00051256,1442.480,16.174,3.620731e+12,2.721113e+03,1.140394e+23,25.557,8.984,3.606,1446.475220
2014.10.07_17:48:00_TAI,149.0,1.950696e+22,32.699,130.974,130.512,56.141,0.32694674,3.065743e+13,-0.00124964,1440.008,38.761,5.324984e+12,2.762060e+03,1.137820e+23,25.626,9.053,3.575,1441.247803
2014.10.07_18:24:00_TAI,149.6,1.953983e+22,33.852,130.754,130.740,57.040,0.17238033,3.247459e+13,-0.00069345,1505.509,21.769,2.841362e+12,2.894955e+03,1.206944e+23,26.819,11.346,3.598,1462.146729
2014.10.07_18:36:00_TAI,149.8,1.994205e+22,33.372,131.504,131.426,57.028,0.36309728,3.281062e+13,-0.00164810,1540.218,52.299,6.049959e+12,2.842174e+03,1.197810e+23,26.312,10.443,3.648,1467.392334
2014.10.07_19:24:00_TAI,150.6,2.082403e+22,32.980,129.849,130.103,55.854,0.40659994,3.424336e+13,-0.00160375,1583.973,54.330,7.232537e+12,2.695398e+03,1.212699e+23,26.139,9.953,3.719,1476.405396
2014.10.07_19:36:00_TAI,150.8,2.102960e+22,32.482,129.597,129.836,55.457,0.38856649,3.439693e+13,-0.00144455,1590.388,49.282,6.960755e+12,2.656793e+03,1.203798e+23,25.768,9.206,3.737,1482.246826
2014.10.07_19:48:00_TAI,151.0,2.123442e+22,32.431,128.884,129.054,54.913,0.37074292,3.417516e+13,-0.00214578,1588.088,73.843,6.698927e+12,2.639018e+03,1.206084e+23,25.643,8.909,3.735,1487.272095
2014.10.07_20:00:00_TAI,151.2,2.151491e+22,32.841,128.669,128.880,54.996,0.35667542,3.488008e+13,-0.00151666,1598.097,53.412,6.595545e+12,2.643700e+03,1.236487e+23,26.091,9.458,3.778,1491.310547
2014.10.07_20:12:00_TAI,151.4,2.156221e+22,33.115,128.604,128.673,55.227,0.40987006,3.440535e+13,-0.00212694,1571.311,75.349,7.624030e+12,2.648302e+03,1.245955e+23,26.299,9.775,3.773,1496.157715
2014.10.07_20:24:00_TAI,151.6,2.153537e+22,32.627,129.866,129.289,55.952,0.37764311,3.421526e+13,-0.00138464,1569.783,48.501,6.945720e+12,2.654571e+03,1.234873e+23,25.923,9.307,3.778,1511.969727
2014.10.07_20:36:00_TAI,151.8,2.172618e+22,32.975,130.051,129.598,56.091,0.41211006,3.447119e+13,-0.00141137,1569.048,50.157,7.690301e+12,2.675488e+03,1.262760e+23,25.963,9.311,3.740,1505.676636
2014.10.07_20:48:00_TAI,152.0,2.199496e+22,33.252,129.165,128.631,55.791,0.44987771,3.498669e+13,-0.00101415,1571.291,36.913,8.598328e+12,2.615603e+03,1.264369e+23,26.297,9.717,3.914,1514.775879
2014.10.07_21:00:00_TAI,152.2,2.190761e+22,33.024,129.096,128.320,55.518,0.47717461,3.416598e+13,-0.00135903,1547.969,48.898,9.015678e+12,2.607697e+03,1.246106e+23,26.023,9.335,3.828,1504.850830
2014.10.07_21:12:00_TAI,152.4,2.185755e+22,33.013,129.221,128.252,55.730,0.47160095,3.418756e+13,-0.00125804,1560.165,45.011,8.860224e+12,2.611916e+03,1.241081e+23,26.062,9.517,3.850,1497.201660
2014.10.07_21:24:00_TAI,152.6,2.184175e+22,32.807,129.269,128.293,55.464,0.41375899,3.394131e+13,-0.00070475,1545.423,25.140,7.750385e+12,2.588020e+03,1.226049e+23,25.992,9.215,3.860,1503.397095
2014.10.07_21:36:00_TAI,152.8,2.186474e+22,32.881,128.096,126.889,55.447,0.41049421,3.386565e+13,-0.00073937,1549.196,26.554,7.741518e+12,2.524011e+03,1.203837e+23,26.029,9.019,3.733,1503.507690
2014.10.07_21:48:00_TAI,153.0,2.171998e+22,33.118,128.964,128.183,55.853,0.37778658,3.372323e+13,-0.00041010,1533.581,14.636,7.080563e+12,2.605306e+03,1.234895e+23,26.137,9.182,3.730,1513.248657
2014.10.07_22:00:00_TAI,153.2,2.148850e+22,33.411,129.498,129.030,56.279,0.38106236,3.366581e+13,-0.00003340,1534.985,1.177,7.049637e+12,2.654241e+03,1.241805e+23,26.300,9.714,3.612,1506.706421
2014.10.07_22:12:00_TAI,153.4,2.157896e+22,32.982,129.840,128.899,56.408,0.38077793,3.405160e+13,-0.00083183,1563.769,29.330,7.050704e+12,2.616858e+03,1.225392e+23,26.152,9.362,3.611,1492.631714
2014.10.07_22:24:00_TAI,153.6,2.144544e+22,32.968,130.446,129.759,56.320,0.36025882,3.356340e+13,-0.00027744,1542.074,9.677,6.598997e+12,2.632737e+03,1.219541e+23,26.210,9.438,3.762,1485.547729
2014.10.07_22:36:00_TAI,153.8,2.130195e+22,33.085,131.184,130.620,56.411,0.35299039,3.397500e+13,-0.00019393,1534.037,6.754,6.456718e+12,2.625600e+03,1.214492e+23,26.286,9.592,3.832,1479.101562
2014.10.07_22:48:00_TAI,154.0,2.141123e+22,33.058,130.959,130.078,56.355,0.31585607,3.450790e+13,-0.00058960,1577.199,20.509,5.770131e+12,2.647861e+03,1.223207e+23,26.320,9.573,3.694,1483.416748
2014.10.07_23:00:00_TAI,154.2,2.128353e+22,32.956,131.150,130.234,56.391,0.39492095,3.398176e+13,-0.00031391,1564.746,10.834,7.158454e+12,2.609978e+03,1.196313e+23,26.319,9.642,3.783,1482.228760
2014.10.07_23:12:00_TAI,154.4,2.121415e+22,32.843,131.267,130.799,56.296,0.37221074,3.414721e+13,-0.00054150,1570.259,18.559,6.700225e+12,2.616979e+03,1.191216e+23,26.163,9.418,3.755,1473.890747
2014.10.07_23:24:00_TAI,154.6,2.107711e+22,32.975,131.718,130.874,56.124,0.41421816,3.385110e+13,-0.00038739,1554.788,13.229,7.429159e+12,2.607533e+03,1.182552e+23,26.355,9.710,3.754,1464.283936
2014.10.07_23:36:00_TAI,154.8,2.111037e+22,33.519,131.163,130.567,55.954,0.35224736,3.447774e+13,-0.00037566,1561.732,12.998,6.401454e+12,2.606082e+03,1.197538e+23,26.714,10.352,3.492,1472.939697
2014.10.07_23:48:00_TAI,155.0,2.113127e+22,32.739,129.937,128.994,55.188,0.34567013,3.383934e+13,-0.00049745,1538.821,17.180,6.270266e+12,2.544123e+03,1.166871e+23,26.297,9.445,3.499,1473.326172
2014.10.08_00:00:00_TAI,155.2,2.108317e+22,33.255,129.719,129.379,55.325,0.37129480,3.414429e+13,-0.00062513,1534.537,21.648,6.753373e+12,2.607165e+03,1.199005e+23,26.708,10.226,3.395,1481.217407
2014.10.08_00:12:00_TAI,155.4,2.119353e+22,33.164,129.451,129.079,55.314,0.26869875,3.437140e+13,-0.00057757,1543.071,20.090,4.909129e+12,2.586693e+03,1.194880e+23,26.601,9.965,3.762,1479.509155
2014.10.08_00:24:00_TAI,155.6,2.116150e+22,32.845,130.006,129.278,55.499,0.33846763,3.420065e+13,-0.00073881,1535.690,25.594,6.159058e+12,2.612936e+03,1.202145e+23,26.477,9.872,3.780,1473.396240
2014.10.08_00:36:00_TAI,155.8,2.100431e+22,32.765,129.981,129.186,55.449,0.38469774,3.412779e+13,-0.00068201,1532.279,23.421,6.939840e+12,2.580272e+03,1.176837e+23,26.283,9.804,3.752,1471.141479
2014.10.08_00:48:00_TAI,156.0,2.100778e+22,32.728,128.968,128.152,54.986,0.42623940,3.370820e+13,-0.00052579,1515.212,18.120,7.716507e+12,2.558094e+03,1.170833e+23,26.289,9.700,3.593,1461.034668
2014.10.08_01:00:00_TAI,156.2,2.093808e+22,32.843,129.557,128.745,55.007,0.34881857,3.351154e+13,-0.00098914,1498.274,34.002,6.298737e+12,2.549471e+03,1.163873e+23,26.331,9.804,3.643,1462.980347
2014.10.08_01:12:00_TAI,156.4,2.061257e+22,32.964,129.831,129.183,55.148,0.25965264,3.292632e+13,-0.00066019,1489.465,22.204,4.587669e+12,2.594437e+03,1.158869e+23,26.243,9.746,3.626,1452.934204
2014.10.08_01:24:00_TAI,156.6,2.074123e+22,32.973,129.986,129.273,55.235,0.34422812,3.278436e+13,-0.00099442,1490.631,33.634,6.116299e+12,2.559539e+03,1.149705e+23,26.260,9.712,3.556,1441.280396
2014.10.08_01:36:00_TAI,156.8,2.064509e+22,33.174,129.110,128.512,55.343,0.34993961,3.274479e+13,-0.00035021,1481.976,11.860,6.225819e+12,2.556913e+03,1.149986e+23,26.295,9.786,3.637,1439.867065
2014.10.08_01:48:00_TAI,157.0,2.074075e+22,33.060,129.642,128.898,54.971,0.27430376,3.272116e+13,-0.00073750,1482.138,25.062,4.897134e+12,2.533339e+03,1.143319e+23,26.127,9.684,3.601,1436.934448
2014.10.08_02:00:00_TAI,157.2,2.070874e+22,32.767,130.207,129.389,55.105,0.23340753,3.206350e+13,-0.00039486,1449.528,13.353,4.146744e+12,2.526891e+03,1.134839e+23,25.929,9.081,3.722,1449.483643
2014.10.08_02:12:00_TAI,157.4,2.070500e+22,32.425,129.476,128.575,55.038,0.22903144,3.192781e+13,0.00005829,1458.372,1.959,4.043568e+12,2.524732e+03,1.126761e+23,25.600,8.686,3.709,1443.707153
2014.10.08_02:24:00_TAI,157.6,2.098864e+22,32.547,129.037,128.061,54.671,0.24273726,3.207685e+13,0.00007140,1460.226,2.449,4.374514e+12,2.513674e+03,1.145094e+23,25.791,8.553,3.771,1457.031006
2014.10.08_02:36:00_TAI,157.8,2.091774e+22,32.467,129.552,128.525,54.695,0.35734829,3.194628e+13,0.00011320,1452.299,3.860,6.402181e+12,2.505091e+03,1.134464e+23,25.682,8.742,3.814,1459.698853
2014.10.08_02:48:00_TAI,158.0,2.085075e+22,32.572,130.033,128.902,54.835,0.32915756,3.172122e+13,-0.00060010,1436.082,20.400,5.879583e+12,2.525636e+03,1.140346e+23,25.889,8.921,3.731,1454.385010
2014.10.08_03:00:00_TAI,158.2,2.090739e+22,32.496,129.040,128.019,54.474,0.28317708,3.172049e+13,-0.00022861,1433.939,7.808,5.081994e+12,2.522676e+03,1.144336e+23,25.853,8.686,3.758,1452.375732
2014.10.08_03:12:00_TAI,158.4,2.114695e+22,32.611,128.219,127.051,54.238,0.31989622,3.220093e+13,-0.00079834,1455.429,27.718,5.835854e+12,2.498499e+03,1.152083e+23,25.891,8.836,3.746,1456.511353
2014.10.08_03:24:00_TAI,158.6,2.103238e+22,32.706,127.750,126.658,54.190,0.24112724,3.183456e+13,-0.00062537,1440.468,21.644,4.384875e+12,2.521285e+03,1.158873e+23,26.066,8.969,3.719,1445.658569
2014.10.08_03:36:00_TAI,158.8,2.101132e+22,32.648,127.790,126.763,54.305,0.30639571,3.220703e+13,-0.00057897,1460.838,19.975,5.554303e+12,2.550633e+03,1.168671e+23,26.116,9.232,3.742,1440.183594
2014.10.08_03:48:00_TAI,159.0,2.108159e+22,32.536,127.831,126.718,54.428,0.42825729,3.258550e+13,-0.00052522,1484.480,18.200,7.797467e+12,2.509653e+03,1.154927e+23,25.919,8.683,3.757,1437.380493
2014.10.08_04:00:00_TAI,159.2,2.117179e+22,32.782,126.849,126.026,53.602,0.41765025,3.293496e+13,0.00011431,1486.035,4.012,7.702738e+12,2.511991e+03,1.170949e+23,26.198,9.179,3.747,1435.090820
2014.10.08_04:12:00_TAI,159.4,2.116919e+22,32.334,126.755,125.961,53.339,0.36593631,3.309517e+13,0.00089260,1505.975,31.177,6.716161e+12,2.475870e+03,1.148488e+23,25.883,8.612,3.622,1435.721191
2014.10.08_04:24:00_TAI,159.6,2.106316e+22,32.492,126.766,126.232,53.414,0.33748069,3.319614e+13,0.00025183,1524.341,8.738,6.152995e+12,2.501612e+03,1.152755e+23,25.953,8.940,3.624,1435.588013
2014.10.08_04:36:00_TAI,159.8,2.114555e+22,32.686,126.481,126.064,53.682,0.37110963,3.376272e+13,0.00068472,1544.211,23.885,6.802443e+12,2.517432e+03,1.166263e+23,26.265,9.586,3.651,1433.808960
2014.10.08_04:48:00_TAI,160.0,2.101699e+22,32.618,127.401,126.783,53.939,0.34188071,3.390173e+13,0.00113836,1563.362,39.246,6.193419e+12,2.534962e+03,1.160649e+23,26.241,9.575,3.665,1442.007324
2014.10.08_05:00:00_TAI,160.2,2.091244e+22,32.472,127.569,126.960,53.966,0.40703717,3.348110e+13,0.00174350,1540.020,59.607,7.312213e+12,2.544318e+03,1.155202e+23,26.076,9.439,3.648,1439.857422
2014.10.08_05:12:00_TAI,160.4,2.084166e+22,32.437,127.474,127.201,53.885,0.40086833,3.365049e+13,0.00135063,1560.723,45.728,7.131904e+12,2.566279e+03,1.153925e+23,26.136,9.407,3.798,1454.014282
2014.10.08_05:24:00_TAI,160.6,2.054233e+22,32.542,128.563,128.375,54.535,0.38770086,3.363921e+13,0.00156670,1555.928,52.057,6.769919e+12,2.593672e+03,1.144646e+23,26.084,9.470,3.818,1459.349121
2014.10.08_05:36:00_TAI,160.8,2.054948e+22,32.672,128.942,128.811,54.903,0.37407595,3.339039e+13,0.00163866,1553.640,54.058,6.484439e+12,2.665229e+03,1.167660e+23,26.273,9.785,3.719,1454.469116
2014.10.08_05:48:00_TAI,161.0,2.028354e+22,32.690,129.503,129.779,55.248,0.41679010,3.281714e+13,0.00216926,1522.664,70.488,7.116891e+12,2.676648e+03,1.155137e+23,26.454,9.970,3.663,1447.268921
2014.10.08_06:24:00_TAI,161.6,1.958565e+22,33.548,131.923,132.517,56.756,0.31673220,3.153363e+13,0.00277943,1488.699,85.693,5.424070e+12,2.839232e+03,1.162560e+23,26.494,10.551,3.664,1445.893677
2014.10.08_06:36:00_TAI,161.8,1.983417e+22,33.150,132.222,132.299,57.129,0.29910198,3.191443e+13,0.00304301,1503.841,94.826,7.588441e+12,2.830751e+03,1.171568e+23,26.181,9.970,3.577,1447.341919
2014.10.08_06:48:00_TAI,162.0,1.981255e+22,33.271,132.276,132.191,56.966,0.22864053,3.183835e+13,0.00187382,1499.277,58.615,3.758196e+12,2.827199e+03,1.174528e+23,26.329,10.233,3.617,1449.550903
2014.10.08_07:00:00_TAI,162.2,1.982779e+22,33.377,131.990,132.065,57.227,0.20769942,3.174020e+13,0.00182063,1480.744,57.494,3.447128e+12,2.817820e+03,1.182008e+23,26.288,10.058,3.774,1452.218872
2014.10.08_07:12:00_TAI,162.4,1.984454e+22,32.917,131.777,130.959,57.057,0.16354081,3.102921e+13,0.00217742,1445.645,68.637,3.464599e+12,2.744628e+03,1.149301e+23,25.940,9.311,3.691,1445.469604
2014.10.08_07:24:00_TAI,162.6,1.995164e+22,33.232,132.575,131.707,57.555,0.27746552,3.165344e+13,0.00215943,1456.368,69.022,4.661329e+12,2.739229e+03,1.163120e+23,26.082,9.680,3.733,1437.846680
2014.10.08_07:36:00_TAI,162.8,2.018423e+22,33.032,131.198,130.462,56.569,0.29875687,3.188515e+13,0.00168718,1456.403,54.990,5.117526e+12,2.699583e+03,1.168800e+23,26.095,9.408,3.950,1449.242432
2014.10.08_07:48:00_TAI,163.0,2.028359e+22,33.045,130.118,129.209,56.531,0.32032511,3.238139e+13,0.00158346,1469.352,52.340,5.564316e+12,2.642739e+03,1.160333e+23,26.056,9.561,3.860,1440.432251
2014.10.08_08:00:00_TAI,163.2,2.035059e+22,32.989,129.721,128.805,55.935,0.36540094,3.233779e+13,0.00144525,1463.661,48.153,6.398286e+12,2.608344e+03,1.154446e+23,26.041,9.533,3.846,1440.433838
2014.10.08_08:12:00_TAI,163.4,2.045730e+22,33.082,129.128,128.374,55.915,0.36325911,3.337530e+13,0.00116924,1483.650,39.600,6.465830e+12,2.569847e+03,1.156212e+23,26.168,9.764,3.851,1435.549438
2014.10.08_08:24:00_TAI,163.6,2.052893e+22,33.095,129.121,128.451,55.810,0.35612980,3.274580e+13,0.00180278,1459.482,61.307,6.364445e+12,2.554831e+03,1.154104e+23,26.050,9.525,3.870,1425.718262
2014.10.08_08:36:00_TAI,163.8,2.067918e+22,33.290,127.832,127.276,55.338,0.40762603,3.373425e+13,0.00093718,1481.584,32.371,7.399383e+12,2.554516e+03,1.172146e+23,26.309,10.037,3.875,1425.798340
2014.10.08_08:48:00_TAI,164.0,2.069870e+22,32.774,128.204,127.077,55.429,0.37803188,3.397600e+13,0.00073613,1488.963,25.310,6.830254e+12,2.554628e+03,1.166770e+23,26.198,9.744,3.849,1425.069092
2014.10.08_09:00:00_TAI,164.2,2.053539e+22,33.493,126.462,125.877,55.135,0.34133956,3.400388e+13,0.00082109,1493.214,28.333,6.189220e+12,2.605450e+03,1.194238e+23,26.721,10.616,3.851,1425.049072
2014.10.08_09:12:00_TAI,164.4,2.006748e+22,32.857,128.085,127.963,55.674,0.37874484,3.269321e+13,0.00092183,1455.611,30.456,6.575801e+12,2.650737e+03,1.163422e+23,26.141,10.018,3.828,1417.407959
2014.10.08_09:24:00_TAI,164.6,2.021585e+22,33.207,126.604,126.562,54.919,0.35164499,3.312511e+13,0.00121033,1457.876,40.823,6.232606e+12,2.662359e+03,1.192920e+23,26.525,10.617,3.774,1419.020996
2014.10.08_09:36:00_TAI,164.8,2.006167e+22,33.935,126.189,126.567,54.866,0.23906815,3.323530e+13,0.00094056,1449.889,31.694,4.232898e+12,2.701218e+03,1.209112e+23,27.334,12.126,3.959,1410.826538
2014.10.08_09:48:00_TAI,165.0,1.976842e+22,34.133,126.019,126.514,55.042,0.26265225,3.289565e+13,0.00126623,1455.502,41.936,4.570880e+12,2.757007e+03,1.212994e+23,27.535,12.337,4.029,1411.785400
2014.10.08_10:00:00_TAI,165.2,1.946918e+22,33.894,126.382,126.943,55.107,0.28124261,3.182908e+13,0.00151434,1413.935,48.743,4.756582e+12,2.797953e+03,1.196378e+23,27.328,12.063,3.987,1424.462158
2014.10.08_10:12:00_TAI,165.4,1.955261e+22,34.246,124.115,124.761,54.348,0.23097661,3.188136e+13,0.00119467,1402.853,39.148,3.976706e+12,2.771812e+03,1.206551e+23,MISSING,12.634,3.964,1422.255005
2014.10.08_10:24:00_TAI,165.6,1.964085e+22,34.113,123.287,123.772,54.071,0.19364099,3.265062e+13,0.00132306,1436.451,43.559,3.349774e+12,2.764916e+03,1.209314e+23,27.651,12.255,3.997,1422.414429
2014.10.08_10:36:00_TAI,165.8,1.951765e+22,34.080,123.543,124.081,54.409,0.20993064,3.230053e+13,0.00082118,1439.957,26.605,3.573460e+12,2.820531e+03,1.213936e+23,27.546,12.046,4.011,1417.666992
2014.10.08_10:48:00_TAI,166.0,1.927088e+22,34.506,122.540,123.843,54.562,0.19098592,3.302178e+13,0.00109055,1456.610,35.063,3.226508e+12,2.885645e+03,1.232648e+23,28.079,12.958,4.069,1416.649658
2014.10.08_11:00:00_TAI,166.2,1.947907e+22,34.341,121.987,123.098,54.719,0.30945086,3.337008e+13,0.00148951,1479.833,48.372,5.279860e+12,2.880691e+03,1.242812e+23,28.024,12.855,4.038,1417.752686
2014.10.08_11:12:00_TAI,166.4,1.940105e+22,34.125,122.182,123.172,55.016,0.12000051,3.314022e+13,0.00042228,1466.537,13.603,2.030750e+12,2.884610e+03,1.234390e+23,27.912,12.116,3.820,1419.778076
2014.10.08_11:24:00_TAI,166.6,1.926792e+22,35.132,122.230,124.127,55.350,0.10337401,3.430722e+13,-0.00028097,1494.453,9.073,1.753725e+12,3.049625e+03,1.308284e+23,28.961,14.345,3.791,1418.855103
2014.10.08_11:36:00_TAI,166.8,1.925900e+22,35.638,123.025,124.689,55.992,0.16989039,3.500922e+13,-0.00028637,1539.170,9.268,2.888497e+12,3.027848e+03,1.301836e+23,29.120,14.635,3.957,1406.729736
2014.10.08_11:48:00_TAI,167.0,1.942637e+22,36.098,121.995,124.148,55.508,0.12342046,3.557766e+13,-0.00175335,1565.487,57.664,3.698264e+12,3.154694e+03,1.378328e+23,29.465,15.195,4.007,1419.281006
2014.10.08_12:00:00_TAI,167.2,1.954067e+22,36.053,122.048,124.671,55.836,0.13898163,3.612822e+13,-0.00132287,1596.596,43.651,2.409103e+12,3.193333e+03,1.399874e+23,29.492,15.123,4.064,1413.461060
2014.10.08_12:12:00_TAI,167.4,1.963802e+22,36.307,120.976,124.591,56.125,0.19674273,3.700830e+13,-0.00129145,1631.749,43.106,3.449686e+12,3.186410e+03,1.413005e+23,29.646,15.540,4.027,1412.342285
2014.10.08_12:24:00_TAI,167.6,1.986795e+22,35.479,122.493,124.867,56.050,0.17057982,3.640079e+13,0.00124100,1617.046,41.244,3.683289e+12,3.052937e+03,1.347816e+23,29.035,14.571,3.905,1412.636108
2014.10.08_12:36:00_TAI,167.8,2.004273e+22,35.798,122.003,124.616,55.976,0.19960129,3.659516e+13,-0.00084536,1636.892,28.413,3.523687e+12,3.235678e+03,1.444736e+23,29.293,15.362,3.966,1409.678589
2014.10.08_12:48:00_TAI,168.0,1.994331e+22,36.320,121.894,125.018,55.806,0.19919559,3.641226e+13,-0.00145371,1623.274,48.656,3.501456e+12,3.359626e+03,1.493699e+23,29.813,16.008,3.947,1408.248779
2014.10.08_13:00:00_TAI,168.2,1.981876e+22,36.376,121.758,125.142,56.263,0.19364204,3.592948e+13,-0.00077031,1593.349,25.550,3.372921e+12,3.388573e+03,1.492933e+23,29.629,15.590,4.108,1414.606079
2014.10.08_13:12:00_TAI,168.4,1.993827e+22,36.348,122.124,125.239,55.840,0.24584411,3.559551e+13,-0.00079639,1575.165,26.549,4.304002e+12,3.377831e+03,1.495826e+23,29.574,15.442,4.128,1429.236450
2014.10.08_13:24:00_TAI,168.6,2.041007e+22,36.052,121.877,124.420,55.600,0.15866986,3.581193e+13,-0.00102901,1597.676,34.890,2.824985e+12,3.349442e+03,1.508476e+23,29.255,14.886,4.221,1432.615479
2014.10.08_13:36:00_TAI,168.8,2.033336e+22,36.527,121.763,124.848,55.624,0.21734633,3.534721e+13,-0.00050398,1584.933,17.108,3.874116e+12,3.413293e+03,1.539046e+23,29.726,15.908,4.233,1425.693481
2014.10.08_13:48:00_TAI,169.0,2.053543e+22,36.335,122.040,124.959,55.617,0.17981453,3.594555e+13,-0.00053114,1618.505,18.155,3.226835e+12,3.447983e+03,1.565265e+23,29.575,15.587,4.203,1430.333130
2014.10.08_14:00:00_TAI,169.2,2.085685e+22,36.216,122.017,124.974,55.935,0.25169066,3.705004e+13,-0.00065601,1659.081,22.927,4.618282e+12,3.400102e+03,1.578298e+23,29.548,15.598,4.243,1433.648804
2014.10.08_14:12:00_TAI,169.4,2.108892e+22,36.563,121.257,124.217,55.605,0.27478948,3.729276e+13,-0.00041342,1670.736,14.693,5.127373e+12,3.421114e+03,1.614948e+23,29.751,15.926,4.113,1440.150757
2014.10.08_14:24:00_TAI,169.6,2.146325e+22,36.258,121.581,124.299,55.765,0.19740583,3.770484e+13,-0.00059730,1699.941,21.467,3.724588e+12,3.399343e+03,1.622639e+23,29.464,15.511,4.058,1443.690918
2014.10.08_14:36:00_TAI,169.8,2.163820e+22,36.109,122.189,124.508,55.729,0.22132815,3.775465e+13,-0.00074503,1714.637,26.978,4.207083e+12,3.392400e+03,1.631444e+23,29.399,15.614,3.938,1449.921875
2014.10.08_14:48:00_TAI,170.0,2.200718e+22,36.286,121.028,123.661,55.462,0.27204007,3.886628e+13,-0.00033268,1755.626,12.338,5.296269e+12,3.379611e+03,1.664701e+23,29.455,15.748,4.058,1457.924194
2014.10.08_15:00:00_TAI,170.2,2.240217e+22,35.976,121.962,124.682,55.936,0.25134224,4.007656e+13,-0.00116906,1816.461,44.063,4.972603e+12,3.508169e+03,1.756071e+23,29.354,15.534,4.079,1459.966064
2014.10.08_15:12:00_TAI,170.4,2.236765e+22,35.945,123.737,126.699,56.902,0.28655237,3.974541e+13,-0.00122105,1807.741,45.339,5.584839e+12,3.523169e+03,1.737378e+23,29.175,15.219,4.109,1462.535034
2014.10.08_15:24:00_TAI,170.6,2.268141e+22,35.839,123.835,126.363,56.918,0.29748031,4.041718e+13,-0.00148246,1836.760,55.850,5.882623e+12,3.541706e+03,1.772106e+23,29.110,14.805,4.210,1466.191406
2014.10.08_15:36:00_TAI,170.8,2.307820e+22,35.715,123.438,125.768,56.744,0.21868375,4.007780e+13,-0.00210757,1823.391,80.387,4.378051e+12,3.533022e+03,1.789720e+23,28.907,14.435,4.218,1474.408081
2014.10.08_15:48:00_TAI,171.0,2.330696e+22,35.742,123.933,126.260,57.137,0.24160177,4.039870e+13,-0.00255402,1869.387,98.087,4.870241e+12,3.559847e+03,1.815790e+23,28.735,14.494,4.281,1475.178589
2014.10.08_16:00:00_TAI,171.2,2.316865e+22,35.682,125.165,127.941,57.782,0.24170093,4.060257e+13,-0.00284428,1880.022,107.869,4.810996e+12,3.702256e+03,1.864731e+23,28.822,14.623,4.260,1481.715576
2014.10.08_16:12:00_TAI,171.4,2.324088e+22,36.331,124.280,126.945,57.582,0.17537598,4.045427e+13,-0.00259094,1883.464,98.914,3.514034e+12,3.775191e+03,1.914151e+23,29.427,15.495,4.231,1487.188599
2014.10.08_16:24:00_TAI,171.6,2.321241e+22,36.167,125.283,128.041,58.050,0.19537172,4.002598e+13,-0.00239964,1877.157,90.450,3.864789e+12,3.845940e+03,1.925200e+23,29.148,15.135,4.176,1482.398560
2014.10.08_16:36:00_TAI,171.8,2.316871e+22,36.390,125.266,128.520,58.483,0.18266696,4.011760e+13,-0.00209067,1896.866,78.074,3.580334e+12,3.990079e+03,1.979071e+23,29.290,15.323,4.268,1487.983276
2014.10.08_16:48:00_TAI,172.0,2.310977e+22,36.317,126.476,129.907,58.865,0.15562053,3.984298e+13,-0.00164783,1917.133,60.615,3.004759e+12,4.084391e+03,1.995691e+23,29.185,15.324,4.258,1494.675781
2014.10.08_17:00:00_TAI,172.2,2.322722e+22,35.773,127.646,130.859,59.217,0.21472546,3.953475e+13,-0.00177893,1927.013,64.491,4.085627e+12,4.151876e+03,1.999166e+23,28.626,14.356,4.261,1496.573364
2014.10.08_17:12:00_TAI,172.4,2.316286e+22,35.984,127.598,130.711,59.721,0.22467640,3.938501e+13,-0.00129380,1931.915,46.327,4.222560e+12,4.242746e+03,2.017903e+23,28.906,14.916,4.303,1484.009888
2014.10.08_17:24:00_TAI,172.6,2.321028e+22,36.342,127.088,130.715,60.104,0.08784425,3.946403e+13,-0.00174962,1942.702,62.631,1.650277e+12,4.308302e+03,2.048281e+23,29.291,15.604,4.275,1484.092163
2014.10.08_17:36:00_TAI,172.8,2.335173e+22,36.424,126.547,129.866,59.580,0.13865766,3.983979e+13,-0.00198450,1944.452,71.507,2.709934e+12,4.381257e+03,2.096697e+23,29.601,16.120,4.318,1494.485352
2014.10.09_01:00:00_TAI,180.2,2.854243e+22,38.087,118.624,124.305,57.924,-0.08034327,4.859920e+13,-0.00311622,2423.370,137.809,2.923584e+12,5.243066e+03,3.079606e+23,31.934,19.994,4.548,1569.875854
2014.10.09_01:12:00_TAI,180.4,2.834313e+22,38.247,119.079,124.296,58.404,-0.01754631,4.845919e+13,-0.00180714,2378.656,79.366,3.802064e+12,5.391606e+03,3.145015e+23,32.084,20.245,4.480,1572.881470
2014.10.09_01:24:00_TAI,180.6,2.883543e+22,37.580,118.885,123.293,57.994,-0.03685176,4.811168e+13,-0.00214375,2428.141,94.540,2.296568e+12,5.248127e+03,3.073937e+23,31.451,19.146,4.459,1576.826172
2014.10.09_01:36:00_TAI,180.8,2.833569e+22,38.435,119.200,124.141,58.286,-0.04994309,4.778122e+13,0.00007232,2339.756,3.172,1.615323e+12,5.657424e+03,3.295562e+23,32.276,20.557,4.483,1556.963379
2014.10.09_01:48:00_TAI,181.0,2.902238e+22,37.352,120.783,125.828,58.402,0.03759228,4.814840e+13,-0.00248151,2467.702,108.846,2.684053e+12,5.257661e+03,3.062832e+23,31.272,18.926,4.383,1550.316284
2014.10.09_02:00:00_TAI,181.2,2.892397e+22,37.116,121.447,126.661,59.058,0.03801072,4.771625e+13,-0.00262091,2447.746,113.829,2.427742e+12,5.267978e+03,3.038549e+23,30.758,18.123,4.411,1565.615234
2014.10.09_02:12:00_TAI,181.4,2.918365e+22,36.908,121.609,126.637,59.034,0.03343866,4.809701e+13,-0.00325352,2503.787,141.932,4.193702e+12,5.278495e+03,3.058285e+23,30.612,17.957,4.516,1549.764282
2014.10.09_02:24:00_TAI,181.6,2.906343e+22,36.865,122.096,127.301,59.385,0.10237413,4.742025e+13,-0.00339250,2473.869,146.407,4.903117e+12,5.301106e+03,3.038367e+23,30.428,17.707,4.511,1553.345703
2014.10.09_02:36:00_TAI,181.8,2.890162e+22,37.110,122.429,127.650,59.868,0.09514850,4.752057e+13,-0.00233355,2435.159,100.966,3.074861e+12,5.661781e+03,3.253363e+23,30.769,18.029,4.546,1564.125366
2014.10.09_02:48:00_TAI,182.0,2.903217e+22,36.276,122.851,128.012,59.816,0.08926276,4.704494e+13,-0.00302698,2461.908,129.074,4.566206e+12,5.484605e+03,3.105884e+23,30.047,16.866,4.497,1568.924561
2014.10.09_03:00:00_TAI,182.2,2.951017e+22,35.857,122.662,127.555,58.909,0.12809730,4.690014e+13,-0.00361514,2502.328,155.635,4.581354e+12,5.284309e+03,3.021301e+23,29.604,16.192,4.513,1577.577881
2014.10.09_03:12:00_TAI,182.4,2.965802e+22,35.844,122.723,127.431,58.900,0.13432170,4.664550e+13,-0.00336885,2486.301,146.066,4.785446e+12,5.306363e+03,3.055475e+23,29.673,16.041,4.493,1569.970215
2014.10.09_03:24:00_TAI,182.6,2.983000e+22,35.654,122.723,126.854,58.954,0.06147621,4.636420e+13,-0.00290338,2494.119,126.576,3.937768e+12,5.278558e+03,3.056359e+23,29.321,15.828,4.465,1584.989868
2014.10.09_03:36:00_TAI,182.8,2.999107e+22,36.005,122.175,126.863,58.684,0.16662645,4.790979e+13,-0.00349730,2537.129,155.745,4.735810e+12,5.216288e+03,3.085144e+23,29.681,16.362,4.431,1582.741211
2014.10.09_03:48:00_TAI,183.0,3.032423e+22,35.543,121.241,125.738,57.761,0.14102343,4.699006e+13,-0.00372444,2538.410,166.736,5.942355e+12,5.154212e+03,3.064448e+23,29.181,15.774,4.444,1583.472046
2014.10.09_04:00:00_TAI,183.2,3.038556e+22,35.565,121.559,126.812,57.846,0.23786202,4.763996e+13,-0.00350953,2537.501,158.368,6.258920e+12,5.148594e+03,3.085517e+23,29.242,15.871,4.562,1593.658447
2014.10.09_04:12:00_TAI,183.4,3.066305e+22,35.515,120.930,125.785,57.218,0.27000248,4.812045e+13,-0.00358157,2576.971,163.517,7.156939e+12,5.160611e+03,3.129524e+23,29.237,16.149,4.528,1597.906250
2014.10.09_04:24:00_TAI,183.6,3.091342e+22,35.667,119.418,124.174,56.444,0.20187612,4.823586e+13,-0.00411553,2575.927,190.903,6.898759e+12,5.081979e+03,3.130837e+23,29.503,16.426,4.504,1585.179321
2014.10.09_04:36:00_TAI,183.8,3.124583e+22,35.243,119.669,124.847,56.229,0.17217766,4.864152e+13,-0.00429000,2611.257,199.820,7.644254e+12,5.070554e+03,3.136794e+23,29.048,15.487,4.527,1594.734741
2014.10.09_04:48:00_TAI,184.0,3.140353e+22,35.275,120.198,125.435,56.452,0.20059484,4.881264e+13,-0.00416277,2642.721,194.056,6.406286e+12,5.152724e+03,3.190160e+23,29.214,16.015,4.464,1603.570435
2014.10.09_05:00:00_TAI,184.2,3.109890e+22,35.773,119.147,124.423,56.287,0.28227460,4.901152e+13,-0.00361613,2640.122,167.224,6.855470e+12,5.209563e+03,3.199543e+23,29.681,16.758,4.455,1603.589600
2014.10.09_05:12:00_TAI,184.4,3.114154e+22,35.520,118.886,124.586,56.077,0.26248080,4.829669e+13,-0.00415234,2622.106,190.568,6.326935e+12,5.208873e+03,3.175116e+23,29.531,16.645,4.490,1604.961548
2014.10.09_05:24:00_TAI,184.6,3.126538e+22,35.454,118.165,124.377,55.694,0.18714082,4.868564e+13,-0.00469489,2641.692,215.815,8.878135e+12,5.221261e+03,3.188006e+23,29.570,16.678,4.469,1609.262695
2014.10.09_05:36:00_TAI,184.8,3.068930e+22,35.887,117.849,124.708,56.165,0.14812592,4.781945e+13,-0.00372444,2596.276,167.522,6.649689e+12,5.466689e+03,3.266058e+23,29.967,17.454,4.431,1599.184692
2014.10.09_05:48:00_TAI,185.0,3.062771e+22,35.868,118.001,125.033,56.246,0.21077040,4.803230e+13,-0.00425856,2619.883,190.192,8.177392e+12,5.546864e+03,3.290092e+23,30.090,17.471,4.424,1594.323853
2014.10.09_06:24:00_TAI,185.6,2.985347e+22,35.300,120.533,126.850,57.878,0.05632044,4.462886e+13,-0.00274331,2536.787,114.338,5.578208e+12,5.798771e+03,3.210019e+23,29.580,16.909,4.430,1565.905518
2014.10.09_06:36:00_TAI,185.8,2.956182e+22,35.745,120.470,126.745,58.141,0.08804906,4.529627e+13,-0.00330274,2566.282,136.572,4.202103e+12,5.914129e+03,3.248272e+23,29.904,17.417,4.434,1560.400635
2014.10.09_06:48:00_TAI,186.0,2.937142e+22,36.007,121.134,127.948,58.631,0.16078445,4.500577e+13,-0.00249481,2535.715,102.375,3.465574e+12,5.992001e+03,3.266135e+23,30.018,17.493,4.498,1569.160889
2014.10.09_07:00:00_TAI,186.2,2.910110e+22,35.935,120.566,128.000,58.797,0.15423514,4.476971e+13,-0.00489482,2570.390,199.014,6.264133e+12,6.037471e+03,3.260612e+23,29.956,17.390,4.422,1571.643311
2014.10.09_07:12:00_TAI,186.4,2.871512e+22,36.138,121.545,128.973,59.240,0.18549389,4.430809e+13,-0.00442883,2508.295,178.300,6.366293e+12,6.037621e+03,3.228620e+23,29.984,17.491,4.448,1567.202637
2014.10.09_07:24:00_TAI,186.6,2.871507e+22,35.936,121.716,128.772,58.634,0.08344702,4.408164e+13,-0.00504067,2490.412,203.497,7.142167e+12,5.931648e+03,3.180694e+23,29.794,16.982,4.445,1567.781738
2014.10.09_07:36:00_TAI,186.8,2.892036e+22,35.622,122.195,128.745,58.880,0.12127040,4.391955e+13,-0.00471352,2476.238,191.642,7.823332e+12,5.838607e+03,3.153058e+23,29.523,16.626,4.371,1552.454590
2014.10.09_07:48:00_TAI,187.0,2.886766e+22,35.313,122.188,128.316,59.198,0.18519880,4.411954e+13,-0.00330369,2473.922,133.998,3.945460e+12,5.701778e+03,3.072047e+23,29.255,16.108,4.415,1544.346069
2014.10.09_08:00:00_TAI,187.2,2.896036e+22,35.307,121.753,127.722,59.139,0.16897094,4.384678e+13,-0.00373514,2469.058,153.137,3.638280e+12,5.694114e+03,3.100812e+23,29.172,15.752,4.337,1533.015869
2014.10.09_08:12:00_TAI,187.4,2.953596e+22,34.542,121.271,126.304,58.324,0.12904203,4.364306e+13,-0.00343728,2512.029,142.871,4.754058e+12,5.435038e+03,3.000582e+23,28.469,14.411,4.383,1540.118774
2014.10.09_08:24:00_TAI,187.6,2.965105e+22,34.872,121.188,125.783,58.532,0.15286350,4.380550e+13,-0.00240368,2479.028,101.414,3.387333e+12,5.378386e+03,3.014305e+23,28.698,15.019,4.433,1538.165405
2014.10.09_08:36:00_TAI,187.8,2.966667e+22,34.979,120.331,125.887,57.719,0.20369799,4.396636e+13,-0.00343328,2476.934,146.316,4.559044e+12,5.376573e+03,3.043564e+23,29.032,15.716,4.453,1527.030640
2014.10.09_08:48:00_TAI,188.0,2.992737e+22,35.105,118.977,124.581,56.992,0.21187758,4.514440e+13,-0.00282085,2486.858,123.395,4.867724e+12,5.332249e+03,3.098494e+23,29.182,15.804,4.345,1527.551636
2014.10.09_09:00:00_TAI,188.2,3.043403e+22,35.095,118.204,123.396,56.349,0.19729128,4.553587e+13,-0.00092845,2524.982,41.458,4.626365e+12,5.210488e+03,3.090433e+23,29.061,15.721,4.383,1538.745483
2014.10.09_09:12:00_TAI,188.4,3.029412e+22,34.790,118.049,122.663,56.723,0.24229214,4.476122e+13,-0.00002004,2514.636,0.882,5.599040e+12,5.028039e+03,2.938950e+23,28.799,15.252,4.373,1523.217773
2014.10.09_09:24:00_TAI,188.6,3.073691e+22,35.047,116.933,121.836,56.343,0.20145993,4.563593e+13,-0.00101389,2540.158,45.944,4.794016e+12,5.019709e+03,3.021478e+23,29.020,15.709,4.338,1534.451782
2014.10.09_09:36:00_TAI,188.8,3.068772e+22,34.944,117.757,122.629,56.726,0.17555052,4.648772e+13,-0.00233395,2556.396,106.001,4.863206e+12,4.895462e+03,2.953777e+23,29.153,15.867,4.332,1548.664551
2014.10.09_09:48:00_TAI,189.0,3.072054e+22,34.951,115.804,120.870,55.318,0.25623322,4.539054e+13,-0.00055730,2500.739,25.333,6.116611e+12,4.823110e+03,2.912427e+23,29.041,15.679,4.325,1544.562256
2014.10.09_10:00:00_TAI,189.2,3.044200e+22,35.037,115.588,120.718,55.594,0.17749831,4.426715e+13,-0.00045843,2395.329,20.577,4.183506e+12,4.807174e+03,2.866160e+23,29.173,15.830,4.361,1531.443359
2014.10.09_10:12:00_TAI,189.4,3.049611e+22,34.845,115.089,120.576,55.485,0.16722737,4.504479e+13,-0.00081063,2431.664,36.560,3.960191e+12,4.738424e+03,2.838699e+23,29.084,15.458,4.367,1541.776489
2014.10.09_10:24:00_TAI,189.6,3.065612e+22,34.936,114.359,119.760,55.192,0.10733646,4.511159e+13,-0.00149854,2428.503,68.098,2.560971e+12,4.690636e+03,2.831250e+23,29.222,15.765,4.329,1539.754272
2014.10.09_10:36:00_TAI,189.8,3.062151e+22,35.085,114.044,119.517,54.977,0.12356764,4.530859e+13,-0.00094050,2427.087,42.705,2.945683e+12,4.752407e+03,2.866136e+23,29.467,16.260,4.343,1532.832642
2014.10.09_10:48:00_TAI,190.0,3.068658e+22,35.060,113.997,119.370,54.809,0.09678746,4.487522e+13,-0.00044897,2429.526,20.330,2.300759e+12,4.727059e+03,2.842876e+23,29.403,15.930,4.343,1533.583374
2014.10.09_11:00:00_TAI,190.2,3.037982e+22,35.206,114.075,119.473,55.392,0.11447516,4.500538e+13,-0.00044377,2331.508,19.928,3.243907e+12,4.798595e+03,2.861937e+23,29.591,16.284,4.369,1534.201416
2014.10.09_11:12:00_TAI,190.4,3.051180e+22,34.967,114.715,120.257,55.234,0.09111821,4.514016e+13,-0.00089832,2406.225,40.313,2.146443e+12,4.877249e+03,2.906904e+23,29.418,15.889,4.417,1534.954956
2014.10.09_11:24:00_TAI,190.6,3.052898e+22,35.014,114.449,120.038,55.301,0.06162739,4.501928e+13,-0.00012928,2405.991,5.805,1.452662e+12,4.857667e+03,2.897168e+23,29.417,15.917,4.380,1531.579346
2014.10.09_11:36:00_TAI,190.8,3.059169e+22,35.257,113.729,119.022,55.155,0.08749602,4.475084e+13,-0.00087223,2393.959,39.387,2.074211e+12,5.008915e+03,3.004536e+23,29.617,16.262,4.338,1534.725952
2014.10.09_11:48:00_TAI,191.0,3.066943e+22,35.363,112.801,118.308,54.680,0.12579849,4.415984e+13,-0.00186565,2344.795,84.846,4.504529e+12,5.000712e+03,3.021001e+23,29.652,16.729,4.315,1530.706787
2014.10.09_12:00:00_TAI,191.2,3.061076e+22,35.021,113.037,117.998,54.746,0.10041946,4.432871e+13,0.00005254,2352.967,2.374,2.381955e+12,4.807629e+03,2.885649e+23,29.264,15.776,4.339,1524.304077
2014.10.09_12:12:00_TAI,191.4,3.066642e+22,35.291,112.157,116.844,54.265,0.05150704,4.385881e+13,-0.00024220,2295.683,11.033,2.486112e+12,4.812940e+03,2.912104e+23,29.510,16.396,4.300,1517.575562
2014.10.09_12:24:00_TAI,191.6,3.078838e+22,34.753,112.595,116.878,54.212,0.06238361,4.377977e+13,0.00229828,2356.019,104.213,3.180316e+12,4.658986e+03,2.805835e+23,29.019,15.566,4.432,1513.509521
2014.10.09_12:36:00_TAI,191.8,3.095345e+22,34.930,112.865,117.285,54.398,0.15785767,4.348636e+13,0.00104373,2320.151,47.819,3.795972e+12,4.688133e+03,2.852962e+23,29.109,15.776,4.476,1518.936646
2014.10.09_12:48:00_TAI,192.0,3.093199e+22,34.823,112.974,117.120,54.582,0.09266840,4.329963e+13,0.00073637,2312.125,33.554,2.216053e+12,4.690989e+03,2.839001e+23,28.904,15.255,4.455,1517.574097
2014.10.09_13:00:00_TAI,192.2,3.096817e+22,34.643,113.199,117.349,54.704,0.12032458,4.366486e+13,0.00111084,2321.104,50.708,2.882440e+12,4.671923e+03,2.832487e+23,28.947,15.399,4.284,1516.727905
2014.10.09_13:12:00_TAI,192.4,3.098812e+22,34.625,113.203,117.845,54.826,0.07862467,4.419128e+13,0.00180618,2352.173,82.882,1.893421e+12,4.742412e+03,2.890464e+23,28.854,15.144,4.423,1525.115967
2014.10.09_13:24:00_TAI,192.6,3.135375e+22,34.695,111.945,115.836,53.918,0.08875513,4.420515e+13,0.00061649,2377.454,28.721,2.170054e+12,4.595994e+03,2.844133e+23,28.827,15.492,4.345,1522.345093
2014.10.09_13:36:00_TAI,192.8,3.153853e+22,34.672,111.348,115.140,53.314,0.17220618,4.402346e+13,0.00099151,2381.685,46.405,4.229540e+12,4.534728e+03,2.819048e+23,28.849,15.821,4.392,1519.284180
2014.10.09_13:48:00_TAI,193.0,3.168353e+22,34.656,110.911,114.604,53.034,0.08051126,4.399077e+13,0.00130319,2345.048,61.559,1.995619e+12,4.453909e+03,2.794359e+23,28.785,15.545,4.393,1521.104858
2014.10.09_14:00:00_TAI,193.2,3.152558e+22,34.830,111.219,115.220,52.896,0.18231069,4.420231e+13,0.00124693,2314.351,59.257,4.546414e+12,4.430676e+03,2.796788e+23,29.082,15.876,4.400,1519.693970
2014.10.09_14:12:00_TAI,193.4,3.138935e+22,34.755,111.617,115.878,53.061,0.12900880,4.429629e+13,0.00214271,2321.856,101.162,3.195907e+12,4.491691e+03,2.816631e+23,29.100,15.922,4.380,1508.342529
2014.10.09_14:24:00_TAI,193.6,3.139091e+22,34.288,112.145,115.978,52.988,0.15991156,4.316093e+13,0.00228982,2304.270,106.559,3.904715e+12,4.543970e+03,2.808681e+23,28.417,15.070,4.352,1507.275879
2014.10.09_14:36:00_TAI,193.8,3.166388e+22,34.222,112.009,115.274,52.470,0.17966074,4.312048e+13,0.00178436,2293.126,84.272,4.452241e+12,4.348032e+03,2.727644e+23,28.522,15.219,4.282,1510.625366
2014.10.09_14:48:00_TAI,194.0,3.140646e+22,34.462,112.853,116.422,52.881,0.13192262,4.357773e+13,0.00234411,2301.874,110.232,3.255089e+12,4.492367e+03,2.806078e+23,28.560,15.229,4.292,1498.270142
2014.10.09_15:00:00_TAI,194.2,3.152886e+22,34.117,113.213,115.973,53.131,0.14187744,4.214693e+13,0.00176459,2261.899,82.496,3.480010e+12,4.394599e+03,2.728842e+23,28.173,14.755,4.284,1507.648438
2014.10.09_15:12:00_TAI,194.4,3.107062e+22,34.280,113.667,117.429,53.394,0.13005267,4.240396e+13,0.00207196,2251.714,95.177,3.134357e+12,4.598731e+03,2.805885e+23,28.393,15.147,4.264,1511.619873
2014.10.09_15:24:00_TAI,194.6,3.117941e+22,34.032,114.048,117.412,53.161,0.16079633,4.246132e+13,0.00168721,2250.976,78.000,3.900175e+12,4.526646e+03,2.779697e+23,28.037,14.512,4.252,1522.682129
2014.10.09_15:36:00_TAI,194.8,3.058305e+22,34.379,115.163,119.014,54.050,0.18085729,4.257586e+13,0.00160397,2220.414,72.355,4.280408e+12,4.670464e+03,2.798543e+23,28.447,15.262,4.234,1513.030518
2014.10.09_15:48:00_TAI,195.0,3.043162e+22,34.496,114.547,118.354,53.474,0.19133212,4.160784e+13,0.00152156,2189.278,67.965,4.483661e+12,4.692222e+03,2.783913e+23,28.495,15.299,4.248,1510.788208
2014.10.09_16:00:00_TAI,195.2,3.041917e+22,34.423,114.472,117.948,53.361,0.08104236,4.144482e+13,0.00188578,2184.047,83.981,1.893490e+12,4.620238e+03,2.733106e+23,28.506,15.241,4.228,1507.765381
2014.10.09_16:12:00_TAI,195.4,3.035865e+22,33.687,115.457,118.723,53.437,0.14153834,3.997126e+13,0.00142321,2141.652,61.954,3.232331e+12,4.614231e+03,2.668028e+23,27.761,14.109,4.222,1505.298950
2014.10.09_16:24:00_TAI,195.6,3.037225e+22,34.086,114.828,117.493,53.173,0.11758500,3.945363e+13,0.00172410,2101.199,75.166,2.689327e+12,4.616048e+03,2.673124e+23,28.109,14.803,4.247,1510.020630
2014.10.09_16:36:00_TAI,195.8,3.037301e+22,33.841,115.237,118.582,52.705,0.14237589,3.944362e+13,0.00112170,2119.192,48.329,3.217966e+12,4.686663e+03,2.682088e+23,27.933,14.541,4.241,1504.988647
2014.10.09_16:48:00_TAI,196.0,3.033582e+22,34.398,115.481,118.689,52.882,0.12870659,3.990699e+13,0.00167540,2125.271,72.349,2.915719e+12,4.816876e+03,2.763003e+23,28.579,15.313,4.259,1475.723511
2014.10.09_17:00:00_TAI,196.2,3.016733e+22,34.383,115.320,118.254,52.661,0.18388519,3.868040e+13,0.00137605,2065.813,58.510,4.101830e+12,4.798730e+03,2.710406e+23,28.579,15.307,4.224,1471.869873
2014.10.09_17:12:00_TAI,196.4,3.049634e+22,34.076,114.667,117.460,52.063,0.08171853,3.858762e+13,0.00152698,2069.018,65.544,1.839973e+12,4.730080e+03,2.696757e+23,28.554,15.160,4.267,1451.046021
2014.10.09_17:24:00_TAI,196.6,3.069775e+22,33.807,113.281,116.081,51.307,0.04376652,3.844525e+13,0.00156366,2068.077,67.242,9.874251e+11,4.687378e+03,2.677517e+23,28.135,14.563,4.264,1441.840454
2014.10.09_17:36:00_TAI,196.8,3.100190e+22,33.958,111.574,114.063,50.563,0.09654934,3.847778e+13,0.00156724,2071.972,68.789,2.223078e+12,4.640686e+03,2.705697e+23,28.401,14.910,4.252,1433.079590
2014.10.09_17:48:00_TAI,197.0,3.135952e+22,33.942,110.140,113.218,49.698,0.07166050,3.890334e+13,0.00185661,2101.569,82.879,1.678028e+12,4.604228e+03,2.730056e+23,28.499,15.089,4.214,1440.583252
2014.10.09_18:24:00_TAI,197.6,3.223859e+22,33.709,107.355,110.030,47.418,0.14511758,3.932571e+13,0.00181555,2071.704,85.798,3.597167e+12,4.300770e+03,2.699537e+23,28.312,14.620,4.216,1432.639038
2014.10.09_18:36:00_TAI,197.8,3.227596e+22,33.731,107.260,109.967,47.168,0.18412873,3.960472e+13,0.00171524,2056.490,81.602,4.594675e+12,4.297324e+03,2.715407e+23,28.327,14.636,4.194,1418.924316
2014.10.09_18:48:00_TAI,198.0,3.286195e+22,33.468,106.973,109.234,46.705,0.10203690,4.018759e+13,0.00128204,2076.221,62.842,2.623406e+12,4.145145e+03,2.698685e+23,27.968,13.983,4.164,1419.468140
2014.10.09_19:00:00_TAI,198.2,3.297273e+22,33.366,107.594,110.135,46.725,0.16143359,4.025576e+13,0.00098990,2062.761,48.828,4.176849e+12,4.118264e+03,2.698193e+23,27.847,13.968,4.158,1417.832031
2014.10.09_19:12:00_TAI,198.4,3.308805e+22,33.253,107.936,109.816,46.378,0.17399207,4.039032e+13,0.00084934,2089.212,42.031,4.516205e+12,4.096819e+03,2.692740e+23,27.746,13.604,4.115,1413.882324
2014.10.09_19:24:00_TAI,198.6,3.302637e+22,33.381,107.413,109.716,46.501,0.17846309,4.013014e+13,0.00100396,2060.569,49.695,4.633487e+12,4.106881e+03,2.700062e+23,27.854,13.873,4.188,1407.342163
2014.10.09_19:36:00_TAI,198.8,3.316324e+22,33.341,107.650,109.755,46.704,0.09390368,4.010389e+13,0.00102153,2041.671,50.905,2.454654e+12,4.080340e+03,2.700874e+23,27.837,13.671,4.121,1397.416992
2014.10.09_19:48:00_TAI,199.0,3.279511e+22,33.458,107.537,109.475,46.467,0.17203468,3.940662e+13,0.00138488,2020.858,68.248,4.447229e+12,4.127596e+03,2.701895e+23,27.833,13.721,4.160,1391.706421
2014.10.09_20:00:00_TAI,199.2,3.251604e+22,33.475,108.792,110.716,47.076,0.15139049,3.929588e+13,0.00109579,2027.918,53.068,3.845385e+12,4.179582e+03,2.688244e+23,27.910,13.842,4.181,1385.514893
2014.10.09_20:12:00_TAI,199.4,3.213752e+22,33.426,109.027,110.438,47.464,0.17006718,3.895797e+13,0.00181501,2010.897,86.454,4.248818e+12,4.195849e+03,2.654352e+23,27.919,13.860,4.160,1388.147217
2014.10.09_20:24:00_TAI,199.6,3.190333e+22,33.474,108.780,110.525,47.530,0.08462846,3.832416e+13,0.00197680,1986.672,93.008,2.088519e+12,4.244526e+03,2.652395e+23,27.816,13.682,4.099,1383.853760
2014.10.09_20:36:00_TAI,199.8,3.170784e+22,33.738,109.307,111.435,48.296,0.04245755,3.833325e+13,0.00174507,1969.274,81.451,1.039569e+12,4.339284e+03,2.690288e+23,28.137,14.288,4.132,1373.470337
2014.10.09_20:48:00_TAI,200.0,3.167526e+22,33.729,110.118,112.344,48.745,0.03046560,3.845767e+13,0.00171308,1993.215,79.274,7.395961e+11,4.389129e+03,2.697991e+23,28.083,13.944,4.096,1373.688965
2014.10.09_21:00:00_TAI,200.2,3.151137e+22,33.851,110.175,112.809,48.956,0.02921562,3.894128e+13,0.00194770,1997.093,89.750,7.061959e+11,4.441668e+03,2.718490e+23,28.329,14.482,4.100,1369.257202
2014.10.09_21:12:00_TAI,200.4,3.156959e+22,34.181,109.179,111.511,48.741,-0.05073271,3.881199e+13,0.00212186,1978.759,98.480,1.235288e+12,4.411312e+03,2.719654e+23,28.582,14.902,4.140,1372.924927
2014.10.09_21:24:00_TAI,200.6,3.168802e+22,34.200,108.932,111.314,48.614,0.01375954,3.888356e+13,0.00210888,1977.677,98.143,1.152278e+12,4.429461e+03,2.737902e+23,28.604,14.812,4.155,1367.623047
2014.10.09_21:36:00_TAI,200.8,3.178837e+22,34.341,108.474,110.586,48.218,-0.06013748,3.882703e+13,0.00225496,1971.358,105.471,1.887013e+12,4.368681e+03,2.714024e+23,28.911,15.116,4.125,1361.809937
2014.10.09_21:48:00_TAI,201.0,3.212019e+22,34.403,107.892,109.844,47.771,0.00811921,3.950659e+13,0.00220525,1993.603,104.862,2.190436e+12,4.323252e+03,2.730528e+23,28.973,15.146,4.117,1351.579224
2014.10.09_22:00:00_TAI,201.2,3.210019e+22,34.504,107.126,109.914,48.019,-0.05471754,4.028119e+13,0.00266621,2016.278,127.432,4.339128e+12,4.358224e+03,2.766565e+23,29.184,15.320,4.036,1340.486328
2014.10.09_22:12:00_TAI,201.4,3.228892e+22,34.565,106.189,108.451,47.520,-0.02659785,4.042065e+13,0.00248433,2022.431,120.418,2.662870e+12,4.249572e+03,2.735801e+23,29.053,15.137,4.008,1347.659790
2014.10.09_22:24:00_TAI,201.6,3.235374e+22,34.660,105.280,108.454,47.224,-0.05257910,4.036973e+13,0.00262509,1997.435,128.230,3.201159e+12,4.286498e+03,2.781035e+23,29.322,15.692,4.034,1353.166870
2014.10.09_22:36:00_TAI,201.8,3.244896e+22,34.544,104.814,107.935,46.848,0.02084646,4.035817e+13,0.00245884,1985.159,120.646,2.035351e+12,4.272215e+03,2.784364e+23,29.221,15.611,3.933,1352.425537
2014.10.09_22:48:00_TAI,202.0,3.249612e+22,34.484,104.037,107.223,46.563,0.02971433,4.010586e+13,0.00249395,1967.183,122.882,2.524379e+12,4.198923e+03,2.747917e+23,29.036,15.232,3.973,1346.110840
2014.10.09_23:00:00_TAI,202.2,3.269257e+22,34.336,103.517,106.625,46.258,-0.03412339,4.025448e+13,0.00246442,1959.621,122.435,1.718563e+12,4.132233e+03,2.726608e+23,28.958,14.916,4.034,1353.426392
2014.10.09_23:12:00_TAI,202.4,3.278781e+22,34.360,102.773,105.228,45.736,0.01634740,3.954346e+13,0.00211097,1924.832,105.656,7.676617e+11,4.088022e+03,2.717904e+23,28.926,14.985,4.073,1348.461182
2014.10.09_23:24:00_TAI,202.6,3.308644e+22,34.224,100.964,103.505,44.941,-0.02437446,3.980302e+13,0.00209190,1914.819,106.511,1.047964e+12,3.965682e+03,2.681911e+23,28.830,14.820,4.000,1349.077271
2014.10.09_23:36:00_TAI,202.8,3.269266e+22,34.284,101.382,104.283,45.047,-0.06419919,3.930829e+13,0.00227044,1883.306,114.240,1.694897e+12,4.030044e+03,2.693326e+23,28.913,15.204,3.970,1353.153687
2014.10.09_23:48:00_TAI,203.0,3.271866e+22,33.981,101.464,104.024,44.653,-0.06374127,3.877218e+13,0.00192501,1874.655,96.620,1.678666e+12,3.983904e+03,2.655876e+23,28.646,14.839,3.994,1336.873413
2014.10.10_00:00:00_TAI,203.2,3.253021e+22,34.063,101.962,104.494,44.988,-0.03175942,3.898613e+13,0.00206028,1888.938,102.351,1.343362e+12,3.999534e+03,2.638836e+23,28.727,14.943,3.904,1328.425171
2014.10.10_00:12:00_TAI,203.4,3.259910e+22,33.873,101.929,104.512,44.917,-0.05111517,3.883418e+13,0.00197864,1880.892,98.265,1.540845e+12,4.000952e+03,2.639081e+23,28.568,14.841,3.893,1335.054199
2014.10.10_00:24:00_TAI,203.6,3.290033e+22,34.078,101.117,103.321,44.619,-0.04664614,3.939849e+13,0.00208974,1889.510,105.682,1.326280e+12,3.960465e+03,2.660237e+23,28.803,14.959,3.944,1339.665771
2014.10.10_00:36:00_TAI,203.8,3.292987e+22,34.067,100.598,102.770,44.322,-0.03032365,3.937514e+13,0.00224377,1885.285,114.006,1.893722e+12,3.939903e+03,2.658722e+23,28.889,14.752,3.951,1323.895142
2014.10.10_00:48:00_TAI,204.0,3.290875e+22,33.945,100.348,102.064,43.875,-0.03281799,3.878394e+13,0.00206450,1875.400,104.503,8.716800e+11,3.917052e+03,2.633366e+23,28.769,14.770,3.998,1323.195435
2014.10.10_01:00:00_TAI,204.2,3.285610e+22,34.179,100.319,102.961,44.015,-0.01572247,3.865086e+13,0.00216182,1857.680,109.431,2.200049e+12,3.968750e+03,2.668227e+23,29.016,15.181,3.958,1326.120361
2014.10.10_01:12:00_TAI,204.4,3.298178e+22,33.766,101.481,103.267,44.240,-0.02337378,3.873118e+13,0.00217281,1881.506,109.401,1.235771e+12,3.958826e+03,2.647360e+23,28.741,14.476,3.906,1327.726929
2014.10.10_01:24:00_TAI,204.6,3.279021e+22,33.928,101.714,103.366,44.642,-0.03730028,3.857499e+13,0.00219570,1889.847,109.175,1.582957e+12,4.017481e+03,2.653077e+23,28.845,14.938,3.830,1329.334839
2014.10.10_01:36:00_TAI,204.8,3.259713e+22,33.975,102.457,104.611,45.046,-0.06650921,3.838005e+13,0.00201221,1859.398,99.192,1.720465e+12,4.052275e+03,2.652968e+23,28.748,15.041,3.824,1324.711670
2014.10.10_01:48:00_TAI,205.0,3.279546e+22,34.191,102.287,104.392,45.115,-0.01438176,3.903536e+13,0.00188674,1867.212,94.448,5.732243e+11,4.013082e+03,2.668293e+23,28.936,15.052,3.919,1318.923828
2014.10.10_02:00:00_TAI,205.2,3.249741e+22,33.948,103.136,104.871,45.400,-0.04713187,3.828989e+13,0.00224763,1859.680,109.853,1.888371e+12,4.067907e+03,2.640512e+23,28.680,14.704,3.885,1312.472046
2014.10.10_02:12:00_TAI,205.4,3.247640e+22,33.862,103.046,104.598,45.418,-0.04344747,3.815183e+13,0.00225648,1863.363,109.938,1.110859e+12,4.090146e+03,2.646528e+23,28.590,14.523,3.930,1305.609009
2014.10.10_02:24:00_TAI,205.6,3.250356e+22,33.694,103.842,105.317,45.621,-0.02729005,3.802976e+13,0.00184558,1846.912,89.911,6.976898e+11,4.089353e+03,2.645743e+23,28.336,14.168,3.969,1291.552612
2014.10.10_02:36:00_TAI,205.8,3.236025e+22,33.997,103.655,104.943,45.566,-0.02242422,3.789010e+13,0.00222810,1843.248,108.286,1.744898e+12,4.119218e+03,2.658665e+23,28.597,14.689,3.992,1287.654297
2014.10.10_02:48:00_TAI,206.0,3.215565e+22,33.755,104.338,105.735,45.628,-0.02337138,3.723351e+13,0.00283090,1824.196,135.020,4.512704e+12,4.158069e+03,2.633876e+23,28.431,14.621,4.064,1291.555298
2014.10.10_03:00:00_TAI,206.2,3.206467e+22,33.516,104.339,105.485,45.442,-0.01447940,3.688526e+13,0.00302683,1822.208,143.054,3.655776e+12,4.159487e+03,2.610800e+23,28.073,14.176,4.036,1286.523071
2014.10.10_03:12:00_TAI,206.4,3.228366e+22,33.346,104.450,105.216,45.317,0.01480632,3.719202e+13,0.00308693,1837.047,147.549,4.547808e+12,4.102190e+03,2.603983e+23,27.964,14.022,4.011,1295.133423
2014.10.10_03:24:00_TAI,206.6,3.200527e+22,33.155,104.098,105.172,44.846,-0.06938577,3.602295e+13,0.00266105,1794.984,125.184,3.377533e+12,4.152489e+03,2.594331e+23,27.814,13.998,4.007,1288.957886
2014.10.10_03:36:00_TAI,206.8,3.210069e+22,33.079,103.246,104.187,44.287,-0.01942791,3.537382e+13,0.00263398,1760.015,124.843,3.133434e+12,4.093450e+03,2.576743e+23,27.591,13.424,3.946,1275.160278
2014.10.10_03:48:00_TAI,207.0,3.234784e+22,32.939,103.165,104.311,43.874,0.01606346,3.549958e+13,0.00233524,1753.052,112.220,2.502932e+12,4.044075e+03,2.581055e+23,27.495,13.432,3.983,1273.041016
2014.10.10_04:00:00_TAI,207.2,3.232826e+22,32.636,103.239,104.237,43.792,0.04400368,3.524256e+13,0.00221113,1752.166,105.712,2.437942e+12,4.025500e+03,2.555997e+23,27.078,12.982,3.971,1268.598633
2014.10.10_04:12:00_TAI,207.4,3.237131e+22,32.878,102.322,103.400,43.354,0.01062260,3.501564e+13,0.00200089,1738.929,96.623,1.984032e+12,3.993677e+03,2.561195e+23,27.251,13.398,4.006,1257.225830
2014.10.10_04:24:00_TAI,207.6,3.262104e+22,32.705,101.966,103.192,42.848,0.03782787,3.503880e+13,0.00176843,1740.858,86.488,1.010036e+12,3.936617e+03,2.557016e+23,27.090,13.275,4.015,1267.275024
2014.10.10_04:36:00_TAI,207.8,3.308691e+22,32.460,101.229,102.643,42.459,0.09731109,3.551754e+13,0.00139098,1754.554,69.407,2.548598e+12,3.849495e+03,2.551037e+23,26.866,12.876,4.043,1252.532715
2014.10.10_04:48:00_TAI,208.0,3.320930e+22,32.727,100.146,101.797,41.949,0.07295302,3.581517e+13,0.00120900,1758.649,61.028,1.932874e+12,3.844854e+03,2.577578e+23,27.090,13.330,4.102,1258.223267
2014.10.10_05:00:00_TAI,208.2,3.334190e+22,32.553,99.752,101.522,41.398,0.09645811,3.622821e+13,0.00164342,1770.234,83.637,2.576506e+12,3.789916e+03,2.561484e+23,27.011,13.138,4.071,1249.231445
2014.10.10_05:12:00_TAI,208.4,3.335645e+22,32.578,99.367,101.424,41.185,0.08058996,3.605973e+13,0.00150219,1759.623,76.709,2.159974e+12,3.793869e+03,2.572872e+23,27.023,13.377,3.968,1244.856689
2014.10.10_05:24:00_TAI,208.6,3.331848e+22,32.744,98.188,100.155,40.917,0.07076784,3.570691e+13,0.00131494,1742.523,67.211,1.898507e+12,3.841126e+03,2.607369e+23,27.099,13.433,4.023,1243.339355
2014.10.10_05:36:00_TAI,208.8,3.330870e+22,32.619,96.894,98.679,40.417,0.03807673,3.552229e+13,0.00154179,1741.125,78.701,1.020156e+12,3.807243e+03,2.580982e+23,27.110,13.582,4.039,1242.296387
2014.10.10_05:48:00_TAI,209.0,3.297695e+22,32.439,96.905,98.680,40.276,0.06307047,3.501401e+13,0.00159121,1734.469,79.750,1.659134e+12,3.873221e+03,2.578077e+23,27.275,13.723,4.013,1237.406006
2014.10.10_06:24:00_TAI,209.6,3.237085e+22,32.812,97.023,99.163,40.730,-0.00840132,3.473535e+13,0.00214583,1738.160,103.952,9.328807e+11,4.021569e+03,2.587308e+23,27.665,14.547,4.046,1234.561279
2014.10.10_06:36:00_TAI,209.8,3.208801e+22,33.035,96.821,98.776,40.906,0.04110564,3.446419e+13,0.00218061,1743.752,104.340,2.646297e+12,4.096666e+03,2.603305e+23,27.862,14.706,4.049,1224.553833
2014.10.10_06:48:00_TAI,210.0,3.163445e+22,32.785,98.742,100.386,41.558,0.09247337,3.383204e+13,0.00266009,1729.496,123.194,3.553163e+12,4.207101e+03,2.587663e+23,27.629,14.533,4.005,1227.924683
2014.10.10_07:00:00_TAI,210.2,3.146238e+22,32.948,99.042,100.606,41.871,0.02809143,3.398484e+13,0.00281278,1719.410,129.739,3.360749e+12,4.209861e+03,2.578794e+23,27.829,14.710,4.046,1225.518677
2014.10.10_07:12:00_TAI,210.4,3.094543e+22,33.076,99.218,100.854,42.117,0.02570339,3.349010e+13,0.00301766,1707.094,136.139,4.630986e+12,4.269210e+03,2.557885e+23,27.834,14.891,4.020,1214.154785
2014.10.10_07:24:00_TAI,210.6,3.057228e+22,32.911,100.797,102.116,42.690,0.06767261,3.277477e+13,0.00294837,1674.826,130.068,3.965279e+12,4.336879e+03,2.541006e+23,27.666,14.622,4.050,1210.252808
2014.10.10_07:36:00_TAI,210.8,3.038859e+22,32.823,100.879,102.267,42.500,0.07472116,3.235786e+13,0.00317913,1649.986,139.729,4.889481e+12,4.279224e+03,2.497848e+23,27.382,14.504,4.018,1212.637939
2014.10.10_07:48:00_TAI,211.0,3.020498e+22,32.679,101.191,102.585,42.488,0.03908033,3.201761e+13,0.00288204,1630.851,125.726,3.953924e+12,4.247589e+03,2.460994e+23,27.160,14.397,3.955,1204.595825
2014.10.10_08:00:00_TAI,211.2,3.021107e+22,32.637,101.065,102.371,42.239,0.03512299,3.235678e+13,0.00248664,1638.354,109.467,3.248120e+12,4.188922e+03,2.449088e+23,27.075,14.099,4.021,1193.565918
2014.10.10_08:12:00_TAI,211.4,3.013884e+22,32.572,101.071,102.641,41.891,-0.00272710,3.182779e+13,0.00252396,1605.700,111.279,3.385174e+12,4.111069e+03,2.407229e+23,26.934,14.035,3.934,1188.176758
2014.10.10_08:24:00_TAI,211.6,3.016572e+22,32.538,100.187,101.641,41.591,0.05902918,3.162109e+13,0.00271057,1598.417,120.577,3.838747e+12,4.018503e+03,2.374053e+23,26.915,13.899,3.907,1184.700928
2014.10.10_08:36:00_TAI,211.8,3.014228e+22,32.472,99.827,100.974,41.222,0.03996934,3.146038e+13,0.00231667,1581.461,103.611,2.576358e+12,3.956640e+03,2.350275e+23,26.680,13.680,3.915,1176.576660
2014.10.10_08:48:00_TAI,212.0,3.032849e+22,32.749,98.772,100.053,41.011,0.04879890,3.176699e+13,0.00244653,1583.043,111.102,2.887076e+12,3.938934e+03,2.375590e+23,26.764,14.020,3.882,1186.245972
2014.10.10_09:00:00_TAI,212.2,3.053649e+22,33.025,97.706,99.180,40.309,0.03917492,3.202567e+13,0.00221977,1563.963,103.317,1.786015e+12,3.870962e+03,2.392739e+23,27.119,14.530,3.877,1189.640869
2014.10.10_09:12:00_TAI,212.4,3.011748e+22,32.841,97.551,99.049,40.567,0.01811346,3.083184e+13,0.00225179,1531.737,101.894,1.576690e+12,3.924152e+03,2.358232e+23,26.761,14.205,3.913,1202.096924
2014.10.10_09:24:00_TAI,212.6,3.062097e+22,32.865,97.591,99.107,40.438,0.07369083,3.208552e+13,0.00210773,1569.951,98.380,1.804887e+12,3.837757e+03,2.378992e+23,26.808,13.893,3.943,1183.065063
2014.10.10_09:36:00_TAI,212.8,3.054779e+22,32.909,96.728,98.270,40.047,0.07418966,3.197241e+13,0.00197317,1557.301,92.397,1.822898e+12,3.816190e+03,2.373225e+23,26.852,14.101,3.909,1186.260742
2014.10.10_09:48:00_TAI,213.0,3.056931e+22,33.041,95.861,97.480,39.963,0.09033721,3.227889e+13,0.00165229,1559.218,77.982,2.237136e+12,3.791001e+03,2.376189e+23,26.907,14.054,3.966,1176.430176
2014.10.10_10:00:00_TAI,213.2,3.028374e+22,32.847,95.728,97.534,39.951,0.07447305,3.130043e+13,0.00160170,1520.901,74.502,1.817610e+12,3.831511e+03,2.366927e+23,26.827,13.944,3.907,1180.277344
2014.10.10_10:12:00_TAI,213.4,3.052974e+22,32.922,95.600,97.354,39.908,0.05233215,3.203254e+13,0.00199616,1549.533,93.893,1.291558e+12,3.797618e+03,2.372367e+23,26.810,13.672,3.896,1177.392456
2014.10.10_10:24:00_TAI,213.6,3.092300e+22,33.062,94.749,96.765,39.394,0.03625138,3.232629e+13,0.00194923,1557.522,93.961,1.245253e+12,3.722383e+03,2.382960e+23,27.012,13.976,3.936,1168.384521
2014.10.10_10:36:00_TAI,213.8,3.082734e+22,33.052,94.385,96.742,39.340,0.07954581,3.248681e+13,0.00187248,1569.928,89.785,2.001138e+12,3.753631e+03,2.390352e+23,27.132,14.315,3.963,1171.032837
2014.10.10_10:48:00_TAI,214.0,3.072277e+22,33.122,92.921,95.339,39.078,0.05219478,3.219507e+13,0.00175617,1546.990,84.099,1.311329e+12,3.773462e+03,2.399873e+23,27.342,14.500,3.978,1176.994751
2014.10.10_11:00:00_TAI,214.2,3.069263e+22,33.139,92.645,94.953,38.867,0.11428078,3.182992e+13,0.00175873,1531.942,84.119,2.867479e+12,3.777919e+03,2.399699e+23,27.250,14.543,3.959,1173.683960
2014.10.10_11:12:00_TAI,214.4,3.041000e+22,33.021,92.942,94.865,39.219,0.06788475,3.153183e+13,0.00185884,1530.940,87.486,1.676143e+12,3.851093e+03,2.407204e+23,27.263,14.532,3.957,1164.814697
2014.10.10_11:24:00_TAI,214.6,3.041981e+22,33.235,91.836,94.229,38.955,0.06277512,3.149815e+13,0.00117902,1515.409,55.806,1.558791e+12,3.812004e+03,2.396390e+23,27.423,14.720,3.972,1156.223755
2014.10.10_11:36:00_TAI,214.8,3.044931e+22,33.176,91.744,93.733,38.611,0.07813543,3.149751e+13,0.00146606,1512.229,69.658,1.947483e+12,3.781598e+03,2.386265e+23,27.378,14.726,4.008,1159.283813
2014.10.10_11:48:00_TAI,215.0,3.043019e+22,33.164,91.686,93.843,38.412,0.08301695,3.146317e+13,0.00146030,1519.982,69.253,2.065167e+12,3.769544e+03,2.374152e+23,27.323,14.844,3.992,1161.131592
2014.10.10_12:00:00_TAI,215.2,3.041624e+22,33.002,91.469,93.730,38.619,0.09116276,3.164013e+13,0.00145481,1515.904,69.055,2.269743e+12,3.748077e+03,2.362724e+23,27.187,14.383,4.033,1162.864136
2014.10.10_12:12:00_TAI,215.4,3.040935e+22,33.058,91.581,93.947,38.537,0.09598792,3.128071e+13,0.00098450,1508.424,46.537,2.379883e+12,3.779643e+03,2.372734e+23,27.242,14.430,4.036,1180.118774
2014.10.10_12:24:00_TAI,215.6,3.047502e+22,33.243,91.486,93.747,38.689,0.08666690,3.157073e+13,0.00138967,1515.635,66.019,2.159577e+12,3.765129e+03,2.375573e+23,27.259,14.759,4.073,1182.659058
2014.10.10_12:36:00_TAI,215.8,3.028552e+22,32.992,92.119,94.421,39.008,0.02951803,3.131978e+13,0.00107983,1511.606,50.663,1.481129e+12,3.801460e+03,2.368911e+23,26.985,14.219,4.049,1177.831543
2014.10.10_12:48:00_TAI,216.0,3.022291e+22,33.047,92.183,94.403,38.992,0.03369262,3.107066e+13,0.00109532,1508.365,51.184,8.257383e+11,3.825005e+03,2.373779e+23,27.083,14.430,4.090,1177.019653
2014.10.10_13:00:00_TAI,216.2,3.027387e+22,33.201,91.502,93.553,38.939,0.08921793,3.141532e+13,0.00133474,1510.188,62.726,2.198976e+12,3.804651e+03,2.374638e+23,27.207,14.814,4.105,1180.294556
2014.10.10_13:12:00_TAI,216.4,3.036849e+22,33.174,91.420,93.647,38.732,0.05449649,3.171910e+13,0.00108784,1516.606,51.508,1.353235e+12,3.780442e+03,2.377251e+23,27.338,15.048,4.048,1178.857910
2014.10.10_13:24:00_TAI,216.6,3.055026e+22,32.880,91.888,94.394,38.699,0.07089937,3.195093e+13,0.00105423,1532.700,50.096,1.766811e+12,3.771326e+03,2.380034e+23,27.111,14.417,4.074,1178.199951
2014.10.10_13:36:00_TAI,216.8,3.048854e+22,33.187,91.216,93.393,38.410,0.05143054,3.160052e+13,0.00109593,1510.156,52.174,1.283982e+12,3.796307e+03,2.400235e+23,27.306,14.953,4.044,1190.302490
2014.10.10_13:48:00_TAI,217.0,3.042908e+22,33.118,91.545,93.685,38.426,0.02574819,3.168146e+13,0.00112240,1520.809,53.181,7.719284e+11,3.784900e+03,2.381613e+23,27.168,14.734,4.026,1185.380005
2014.10.10_14:00:00_TAI,217.2,3.049963e+22,32.862,92.460,94.840,38.781,-0.00657448,3.165468e+13,0.00058812,1519.932,27.874,2.415177e+12,3.754685e+03,2.363348e+23,26.945,14.577,4.034,1185.810669
2014.10.10_14:12:00_TAI,217.4,3.015672e+22,32.855,93.036,95.419,39.361,0.01384607,3.121655e+13,0.00064917,1510.512,30.171,1.367602e+12,3.819810e+03,2.357670e+23,26.984,14.590,4.096,1184.248291
2014.10.10_14:24:00_TAI,217.6,3.001191e+22,32.973,93.488,95.363,39.277,0.02228954,3.079160e+13,0.00055288,1506.745,25.477,1.792308e+12,3.890995e+03,2.381196e+23,27.004,14.967,4.079,1175.202881
2014.10.10_14:36:00_TAI,217.8,3.016507e+22,33.227,94.316,96.103,39.855,0.09573002,3.134494e+13,0.00064810,1528.687,30.214,2.340102e+12,3.880571e+03,2.402698e+23,27.141,15.098,4.047,1175.053223
2014.10.10_14:48:00_TAI,218.0,2.995010e+22,33.193,95.096,97.794,40.675,0.06064288,3.125685e+13,0.00056908,1526.781,26.185,1.463002e+12,3.928078e+03,2.400343e+23,27.114,14.941,4.078,1175.806519
2014.10.10_15:00:00_TAI,218.2,2.974945e+22,33.126,95.610,98.159,40.752,0.03349598,3.101086e+13,0.00018735,1528.171,8.483,2.014057e+12,3.989195e+03,2.398803e+23,26.974,14.839,4.117,1177.108765
2014.10.10_15:12:00_TAI,218.4,2.946781e+22,33.248,96.015,98.590,40.958,0.06452977,3.053353e+13,0.00064942,1517.098,28.956,1.508519e+12,4.046463e+03,2.396161e+23,27.038,15.123,4.101,1171.196289
2014.10.10_15:24:00_TAI,218.6,2.973959e+22,32.953,96.656,99.134,41.341,0.05671898,3.128509e+13,0.00048861,1561.619,21.888,1.704386e+12,4.035493e+03,2.400812e+23,26.800,14.622,4.078,1170.908203
2014.10.10_15:36:00_TAI,218.8,2.958636e+22,33.048,97.128,99.614,41.738,0.02381783,3.117571e+13,0.00055829,1565.614,24.714,1.360592e+12,4.081557e+03,2.399596e+23,27.022,15.011,4.126,1174.701782
2014.10.10_15:48:00_TAI,219.0,2.925339e+22,33.119,97.222,99.795,42.047,0.00489661,3.073247e+13,0.00059238,1564.914,25.541,1.198322e+12,4.184321e+03,2.396163e+23,26.983,15.030,4.081,1175.030640
2014.10.10_16:00:00_TAI,219.2,2.935674e+22,32.799,97.470,100.344,42.197,-0.00809832,3.101575e+13,0.00050778,1589.475,21.761,1.386325e+12,4.196644e+03,2.388618e+23,26.823,14.907,4.047,1181.645996
2014.10.10_16:12:00_TAI,219.4,2.905951e+22,33.398,98.026,100.896,42.554,-0.01056464,3.093754e+13,0.00089543,1574.931,37.783,5.116232e+11,4.340630e+03,2.432466e+23,27.258,15.627,4.074,1181.975098
2014.10.10_16:24:00_TAI,219.6,2.928276e+22,32.966,97.757,100.350,42.428,-0.08358083,3.088206e+13,0.00105406,1584.393,44.465,1.848393e+12,4.316151e+03,2.418175e+23,26.932,14.988,4.087,1181.093140
2014.10.10_16:36:00_TAI,219.8,2.940455e+22,33.104,97.220,99.259,42.199,-0.10334229,3.072274e+13,0.00100217,1590.397,42.148,2.278338e+12,4.349234e+03,2.429203e+23,27.171,15.453,4.061,1165.823364
2014.10.10_16:48:00_TAI,220.0,2.971318e+22,33.065,95.663,98.007,41.692,-0.11618918,3.062189e+13,0.00065029,1592.310,27.608,2.585830e+12,4.327182e+03,2.439815e+23,27.063,15.239,4.089,1165.803345
2014.10.10_17:00:00_TAI,220.2,3.003345e+22,33.054,95.369,98.417,41.533,-0.09456087,3.116480e+13,0.00104947,1615.214,45.084,2.129438e+12,4.329840e+03,2.470294e+23,27.112,15.561,4.073,1169.053711
2014.10.10_17:12:00_TAI,220.4,3.013470e+22,33.073,94.655,98.068,41.433,-0.12794703,3.156976e+13,0.00112561,1630.856,48.593,2.895384e+12,4.327935e+03,2.481334e+23,27.298,15.786,4.066,1173.690552
2014.10.10_17:24:00_TAI,220.6,3.052790e+22,32.885,93.408,96.801,40.530,-0.14115830,3.152569e+13,0.00058465,1637.491,25.608,3.240930e+12,4.235970e+03,2.464049e+23,27.090,15.477,4.049,1169.490356
2014.10.10_17:36:00_TAI,220.8,3.088110e+22,33.034,92.599,96.241,40.087,-0.15931921,3.172797e+13,0.00040753,1637.333,18.249,3.739617e+12,4.163516e+03,2.476035e+23,27.046,15.243,4.096,1164.169067
2014.10.10_17:48:00_TAI,221.0,3.117897e+22,32.886,92.198,95.781,39.675,-0.11726331,3.194232e+13,0.00043746,1644.882,19.883,2.793804e+12,4.083487e+03,2.464939e+23,27.000,15.013,4.028,1168.043945
2014.10.10_18:24:00_TAI,221.6,3.185077e+22,32.915,91.929,95.574,39.109,0.01127545,3.295351e+13,0.00028786,1673.848,13.628,1.870000e+12,3.956119e+03,2.487407e+23,26.954,14.878,4.012,1167.001831
2014.10.10_18:36:00_TAI,221.8,3.228921e+22,32.639,91.480,94.897,38.569,0.03524760,3.292434e+13,0.00037615,1678.959,18.074,1.409771e+12,3.896034e+03,2.486261e+23,26.669,14.401,4.036,1167.426880
2014.10.10_18:48:00_TAI,222.0,3.239367e+22,32.715,91.983,95.036,39.131,0.02848374,3.297848e+13,-0.00001263,1682.211,0.611,2.545040e+12,3.886528e+03,2.495215e+23,26.661,14.362,4.012,1165.111206
2014.10.10_19:00:00_TAI,222.2,3.251172e+22,32.731,92.445,96.165,39.409,0.01104339,3.324968e+13,-0.00027023,1695.134,13.136,2.579502e+12,3.858386e+03,2.491034e+23,26.475,14.049,4.003,1169.987183
2014.10.10_19:12:00_TAI,222.4,3.260864e+22,32.842,92.289,95.892,39.224,0.02637264,3.325260e+13,0.00006627,1685.817,3.246,1.194368e+12,3.880219e+03,2.524351e+23,26.728,14.459,4.039,1183.259766
2014.10.10_19:24:00_TAI,222.6,3.259104e+22,32.756,92.580,95.671,39.393,0.02215385,3.295754e+13,0.00001698,1680.293,0.830,1.882911e+12,3.869883e+03,2.512384e+23,26.469,14.141,4.065,1184.585815
2014.10.10_19:36:00_TAI,222.8,3.236336e+22,32.825,93.170,96.722,39.716,0.00282865,3.300099e+13,-0.00020130,1703.229,9.710,3.024232e+12,3.953375e+03,2.532671e+23,26.731,14.231,4.080,1203.537231
2014.10.10_19:48:00_TAI,223.0,3.253850e+22,32.538,93.438,96.509,39.867,0.02624105,3.320061e+13,0.00019263,1730.252,9.284,1.224701e+12,3.925094e+03,2.512313e+23,26.395,13.729,4.078,1198.843262
2014.10.10_20:00:00_TAI,223.2,3.226127e+22,32.561,93.784,96.644,40.276,-0.06174024,3.242559e+13,-0.00010815,1693.097,5.149,2.343556e+12,4.011808e+03,2.536593e+23,26.526,13.821,4.061,1191.631104
2014.10.10_20:12:00_TAI,223.4,3.207512e+22,32.457,95.048,98.319,40.869,-0.05859271,3.262127e+13,0.00022524,1704.159,10.536,1.436715e+12,4.061515e+03,2.523199e+23,26.547,13.778,4.106,1187.720459
2014.10.10_20:24:00_TAI,223.6,3.229005e+22,32.640,94.980,98.343,40.929,-0.13921581,3.297809e+13,-0.00000703,1725.013,0.331,3.438030e+12,4.074970e+03,2.549634e+23,26.610,13.657,4.071,1184.927002
2014.10.10_20:36:00_TAI,223.8,3.252006e+22,32.945,94.393,97.438,41.227,-0.14840820,3.354158e+13,-0.00028348,1759.223,13.470,3.696588e+12,4.115344e+03,2.597030e+23,26.902,14.228,4.050,1178.162720
2014.10.10_20:48:00_TAI,224.0,3.264938e+22,32.944,95.071,98.418,41.396,-0.14063178,3.408468e+13,-0.00034614,1771.175,16.491,3.512442e+12,4.114611e+03,2.603616e+23,27.005,14.240,4.078,1172.302368
2014.10.10_21:00:00_TAI,224.2,3.285698e+22,33.055,94.649,97.939,41.145,-0.12830308,3.440078e+13,-0.00022296,1775.574,10.727,3.235969e+12,4.125526e+03,2.636110e+23,27.191,14.360,4.074,1172.691406
2014.10.10_21:12:00_TAI,224.4,3.297068e+22,33.212,94.182,97.804,41.197,-0.15434861,3.476732e+13,-0.00043627,1773.262,21.179,4.442559e+12,4.115355e+03,2.653274e+23,27.420,14.652,4.040,1181.423706
2014.10.10_21:24:00_TAI,224.6,3.283250e+22,33.369,93.383,96.970,41.032,-0.13661070,3.436391e+13,0.00010708,1739.638,5.182,3.466080e+12,4.126170e+03,2.652193e+23,27.520,14.965,4.039,1186.878052
2014.10.10_21:36:00_TAI,224.8,3.317751e+22,33.497,92.970,97.385,40.821,-0.16436821,3.506907e+13,0.00000790,1775.398,0.387,4.225210e+12,4.124909e+03,2.686222e+23,27.575,15.446,4.030,1178.077881
2014.10.10_21:48:00_TAI,225.0,3.338405e+22,33.293,92.199,95.767,40.751,-0.15039457,3.497691e+13,0.00001721,1779.114,0.849,3.887911e+12,4.069143e+03,2.664875e+23,27.373,15.039,4.033,1173.155029
2014.10.10_22:00:00_TAI,225.2,3.337204e+22,33.590,91.542,95.772,40.655,-0.12176079,3.487998e+13,-0.00008959,1766.133,4.440,3.844895e+12,4.078501e+03,2.684111e+23,27.580,15.532,4.042,1174.361206
2014.10.10_22:12:00_TAI,225.4,3.348570e+22,33.447,91.320,95.719,40.403,-0.13793752,3.494707e+13,-0.00025080,1775.018,12.480,3.598477e+12,4.029011e+03,2.662618e+23,27.416,15.054,4.000,1175.534180
2014.10.10_22:24:00_TAI,225.6,3.334417e+22,33.345,90.730,95.627,40.013,-0.13015853,3.442535e+13,-0.00035082,1732.286,17.377,3.380116e+12,3.991093e+03,2.625528e+23,27.333,14.911,4.015,1176.764160
2014.10.10_22:36:00_TAI,225.8,3.346708e+22,33.302,90.262,94.807,39.939,-0.10351776,3.473111e+13,0.00000662,1751.481,0.330,2.706728e+12,3.965010e+03,2.626220e+23,27.038,14.404,4.025,1167.320801
2014.10.10_22:48:00_TAI,226.0,3.347037e+22,33.501,88.525,92.789,39.180,-0.12752335,3.430147e+13,0.00002697,1715.908,1.357,3.364434e+12,3.953798e+03,2.642317e+23,27.342,15.049,3.941,1160.844604
2014.10.10_23:00:00_TAI,226.2,3.345605e+22,33.259,88.606,93.295,38.862,-0.12154201,3.411484e+13,0.00023488,1717.242,11.769,3.193122e+12,3.908462e+03,2.600963e+23,27.095,14.660,3.933,1164.358154
2014.10.10_23:12:00_TAI,226.4,3.339937e+22,33.275,87.481,91.890,38.166,-0.13015381,3.355991e+13,0.00040467,1674.455,20.318,3.426540e+12,3.862229e+03,2.575531e+23,27.144,14.809,3.972,1165.410522
2014.10.10_23:24:00_TAI,226.6,3.334709e+22,33.538,86.401,90.037,37.726,-0.13988578,3.343149e+13,0.00038887,1654.999,19.677,3.711291e+12,3.853823e+03,2.589783e+23,27.357,15.292,3.852,1156.154785
2014.10.10_23:36:00_TAI,226.8,3.365868e+22,33.579,85.518,88.674,37.125,-0.12594853,3.341943e+13,0.00044941,1646.923,23.127,3.398457e+12,3.760307e+03,2.569938e+23,27.289,15.124,3.891,1157.751099
2014.10.10_23:48:00_TAI,227.0,3.359121e+22,33.319,86.064,89.622,37.190,-0.09765802,3.342668e+13,0.00032700,1655.511,16.677,2.974449e+12,3.770635e+03,2.553962e+23,27.076,14.933,3.949,1145.883057
2014.10.11_00:00:00_TAI,227.2,3.354981e+22,33.059,86.607,90.356,37.335,-0.13263185,3.323252e+13,0.00038815,1651.387,19.653,3.521228e+12,3.747160e+03,2.519647e+23,27.035,14.637,3.914,1144.213013
2014.10.11_00:12:00_TAI,227.4,3.346198e+22,33.142,86.029,89.503,37.204,-0.04809594,3.281203e+13,0.00035152,1629.071,17.826,1.481782e+12,3.730176e+03,2.512091e+23,27.225,15.149,3.895,1143.359131
2014.10.11_00:24:00_TAI,227.6,3.343295e+22,33.278,84.998,88.770,36.992,-0.11725565,3.255023e+13,0.00044508,1605.236,22.572,3.118373e+12,3.730425e+03,2.512606e+23,27.119,14.896,3.823,1147.916260
2014.10.11_00:36:00_TAI,227.8,3.363628e+22,32.846,85.039,88.647,36.887,-0.12201844,3.295906e+13,0.00048428,1631.661,24.687,3.261875e+12,3.662344e+03,2.479495e+23,26.930,14.304,3.824,1135.513672
2014.10.11_00:48:00_TAI,228.0,3.343384e+22,33.085,84.978,88.066,36.841,-0.13307106,3.254234e+13,0.00051219,1626.750,25.923,3.531879e+12,3.671911e+03,2.468122e+23,26.909,14.504,3.810,1132.569824
2014.10.11_01:00:00_TAI,228.2,3.352206e+22,33.092,86.048,90.449,37.680,-0.07703655,3.385975e+13,0.00096980,1673.158,49.316,2.054391e+12,3.668955e+03,2.477830e+23,27.132,14.739,3.844,1130.064697
2014.10.11_01:12:00_TAI,228.4,3.308466e+22,33.191,86.238,89.280,37.315,-0.11399308,3.259644e+13,0.00045348,1624.665,22.637,2.984169e+12,3.679122e+03,2.439061e+23,27.060,14.501,3.910,1122.404663
2014.10.11_01:24:00_TAI,228.6,3.319743e+22,33.233,85.567,88.913,37.182,-0.13310826,3.254394e+13,0.00073296,1615.653,36.873,3.511875e+12,3.693990e+03,2.468050e+23,27.251,14.653,3.942,1122.779175
2014.10.11_01:36:00_TAI,228.8,3.330160e+22,32.975,86.202,89.810,37.695,-0.17389409,3.280469e+13,0.00035898,1625.534,18.014,4.576467e+12,3.689352e+03,2.458729e+23,27.149,14.292,3.929,1117.722778
2014.10.11_01:48:00_TAI,229.0,3.315322e+22,32.811,86.503,89.769,37.628,-0.16170092,3.227367e+13,0.00069970,1604.485,34.552,4.187731e+12,3.706755e+03,2.430896e+23,26.814,14.094,3.950,1120.461914
2014.10.11_02:00:00_TAI,229.2,3.324315e+22,32.843,86.064,89.148,37.302,-0.18507187,3.242200e+13,0.00076092,1611.561,37.818,4.824049e+12,3.674045e+03,2.425009e+23,26.767,13.980,3.864,1116.769165
2014.10.11_02:12:00_TAI,229.4,3.319659e+22,33.058,86.099,88.952,37.456,-0.16304046,3.223335e+13,0.00070324,1616.128,34.793,4.230795e+12,3.712358e+03,2.439303e+23,26.973,14.136,3.902,1107.396973
2014.10.11_02:24:00_TAI,229.6,3.306514e+22,32.998,87.003,89.763,37.786,-0.16820009,3.215571e+13,0.00052119,1619.462,25.514,4.318803e+12,3.747319e+03,2.436347e+23,26.935,14.186,3.907,1110.553223
2014.10.11_02:36:00_TAI,229.8,3.285475e+22,33.107,87.113,91.119,38.113,-0.12520893,3.342126e+13,0.00115018,1625.395,56.521,3.335083e+12,3.698506e+03,2.413698e+23,27.382,14.509,3.912,1096.989746
2014.10.11_02:48:00_TAI,230.0,3.294330e+22,32.700,87.480,90.856,37.780,-0.10916296,3.255471e+13,0.00150328,1633.592,73.256,3.392359e+12,3.675401e+03,2.378606e+23,26.690,13.490,3.875,1090.513062
2014.10.11_03:00:00_TAI,230.2,3.262712e+22,32.897,87.813,91.315,37.842,-0.16762698,3.201510e+13,0.00133126,1608.925,64.063,4.231064e+12,3.705364e+03,2.368079e+23,27.085,14.062,3.867,1088.333984
2014.10.11_03:12:00_TAI,230.4,3.255792e+22,33.013,87.882,91.352,38.007,-0.16759247,3.188723e+13,0.00138663,1605.899,66.705,4.228938e+12,3.704435e+03,2.366747e+23,26.994,14.039,3.834,1082.623291
2014.10.11_03:24:00_TAI,230.6,3.249365e+22,32.605,88.146,91.358,38.112,-0.14756845,3.166314e+13,0.00124160,1587.946,59.578,3.714272e+12,3.704505e+03,2.360789e+23,26.701,13.652,3.823,1089.183716
2014.10.11_03:36:00_TAI,230.8,3.190249e+22,32.635,89.065,92.529,38.100,-0.14487372,3.080069e+13,0.00170802,1551.956,80.228,3.601211e+12,3.732115e+03,2.328127e+23,26.806,13.993,3.806,1080.081421
2014.10.11_03:48:00_TAI,231.0,3.210472e+22,32.072,88.302,91.833,37.503,-0.12727150,3.075718e+13,0.00195708,1562.963,92.558,4.542281e+12,3.617875e+03,2.272334e+23,26.181,13.002,3.821,1071.518555
2014.10.11_04:00:00_TAI,231.2,3.159055e+22,31.844,88.833,92.546,37.534,-0.11568477,3.004186e+13,0.00165304,1534.158,76.061,2.792203e+12,3.664942e+03,2.239596e+23,26.051,12.522,3.808,1069.452515
2014.10.11_04:12:00_TAI,231.4,3.146951e+22,31.747,88.133,90.816,36.938,-0.08188533,2.955001e+13,0.00206614,1519.049,95.247,4.153669e+12,3.552436e+03,2.174902e+23,25.700,12.017,3.788,1051.370728
2014.10.11_04:24:00_TAI,231.6,3.119943e+22,31.787,88.369,91.695,36.768,-0.10475048,2.910270e+13,0.00191846,1488.759,88.207,3.395982e+12,3.552112e+03,2.169043e+23,25.951,12.244,3.803,1039.958862
2014.10.11_04:36:00_TAI,231.8,3.127470e+22,31.724,87.636,90.793,36.714,-0.03133629,2.904793e+13,0.00179183,1482.389,82.627,2.822328e+12,3.492926e+03,2.139210e+23,25.704,11.788,3.824,1047.631958
2014.10.11_04:48:00_TAI,232.0,3.139669e+22,31.801,87.186,90.617,36.438,-0.05942980,2.886796e+13,0.00139674,1476.075,65.010,1.451106e+12,3.475379e+03,2.148403e+23,25.780,11.919,3.848,1049.792847
2014.10.11_05:00:00_TAI,232.2,3.105852e+22,32.092,86.668,90.214,36.311,-0.02910871,2.874800e+13,0.00161642,1468.385,74.509,2.603206e+12,3.550506e+03,2.173533e+23,25.920,12.342,3.845,1052.106201
2014.10.11_05:12:00_TAI,232.4,3.115837e+22,32.235,85.979,89.476,36.163,-0.04358328,2.889522e+13,0.00154263,1477.998,71.931,2.077887e+12,3.516703e+03,2.177732e+23,26.172,12.720,3.820,1043.714111
2014.10.11_05:24:00_TAI,232.6,3.129531e+22,32.032,85.784,88.984,36.028,-0.04340198,2.924252e+13,0.00137145,1483.639,64.058,1.063427e+12,3.452566e+03,2.141683e+23,25.965,12.094,3.784,1022.278198
2014.10.11_05:36:00_TAI,232.8,3.111078e+22,32.330,85.078,88.564,35.896,0.02407807,2.898091e+13,0.00146360,1472.689,68.207,1.548167e+12,3.529396e+03,2.184326e+23,26.350,12.942,3.796,1022.078186
2014.10.11_05:48:00_TAI,233.0,3.069278e+22,32.646,84.372,88.429,35.940,-0.04253073,2.888736e+13,0.00170195,1465.788,78.271,1.991963e+12,3.598128e+03,2.197620e+23,26.681,13.692,3.798,1017.241394
2014.10.11_06:24:00_TAI,233.6,2.940357e+22,32.673,84.356,88.420,36.282,-0.09653329,2.719474e+13,0.00207556,1417.017,88.402,2.580391e+12,3.807084e+03,2.153492e+23,26.812,13.890,3.763,986.035522
2014.10.11_06:36:00_TAI,233.8,2.917635e+22,32.758,84.401,88.331,36.390,-0.07077830,2.676774e+13,0.00238191,1399.979,100.133,3.661113e+12,3.824450e+03,2.135380e+23,26.675,14.102,3.730,969.855042
2014.10.11_06:48:00_TAI,234.0,2.872766e+22,33.142,84.008,88.705,36.514,-0.11445525,2.738704e+13,0.00225745,1431.400,93.763,3.235841e+12,3.908444e+03,2.156065e+23,27.236,14.729,3.737,977.430420
2014.10.11_07:00:00_TAI,234.2,2.818191e+22,33.419,84.188,88.688,36.669,-0.18991603,2.655174e+13,0.00197037,1392.324,79.918,4.040650e+12,3.968544e+03,2.137728e+23,27.516,15.367,3.676,966.576599
2014.10.11_07:12:00_TAI,234.4,2.813624e+22,33.310,84.793,89.388,36.541,-0.16583596,2.650871e+13,0.00226144,1394.883,91.371,3.514713e+12,3.996764e+03,2.144648e+23,27.344,15.060,3.714,963.478149
2014.10.11_07:24:00_TAI,234.6,2.767531e+22,33.175,86.649,92.051,37.666,-0.17946084,2.655341e+13,0.00203930,1390.839,80.697,3.725205e+12,4.054247e+03,2.130751e+23,27.371,15.149,3.636,955.304688
2014.10.11_07:36:00_TAI,234.8,2.741035e+22,33.446,85.256,88.123,37.177,-0.13125658,2.545889e+13,0.00202553,1355.302,79.024,2.686000e+12,4.049158e+03,2.097962e+23,27.271,14.861,3.671,940.828613
2014.10.11_07:48:00_TAI,235.0,2.709601e+22,33.212,87.683,91.869,38.213,-0.07352895,2.599594e+13,0.00239491,1372.733,92.111,3.044059e+12,4.013533e+03,2.050082e+23,27.098,14.955,3.697,938.250671
2014.10.11_08:00:00_TAI,235.2,2.656119e+22,33.388,86.888,90.627,37.824,-0.14519994,2.495786e+13,0.00281603,1326.488,106.387,4.524225e+12,4.085078e+03,2.049573e+23,27.601,15.075,3.601,924.687988
2014.10.11_08:12:00_TAI,235.4,2.636203e+22,33.673,85.929,89.134,37.396,-0.14941125,2.494331e+13,0.00253720,1314.287,96.401,3.827393e+12,4.017377e+03,2.027184e+23,27.736,15.281,3.611,926.014648
2014.10.11_08:24:00_TAI,235.6,2.614932e+22,33.592,87.097,91.306,37.928,-0.12175304,2.495491e+13,0.00254492,1303.115,96.038,3.961925e+12,4.017606e+03,2.013533e+23,27.748,15.168,3.639,912.218750
2014.10.11_08:36:00_TAI,235.8,2.601827e+22,33.473,86.548,89.838,37.601,-0.15436916,2.436815e+13,0.00253616,1279.010,95.383,3.494661e+12,3.973585e+03,1.984769e+23,27.452,14.982,3.649,907.977478
2014.10.11_08:48:00_TAI,236.0,2.608923e+22,33.568,85.960,89.042,37.062,-0.06763869,2.408247e+13,0.00177047,1256.756,67.566,1.353835e+12,3.923752e+03,1.988694e+23,27.719,15.164,3.728,915.562683
2014.10.11_09:00:00_TAI,236.2,2.629967e+22,33.814,84.586,87.971,36.918,-0.03142507,2.427593e+13,0.00163885,1233.754,64.033,1.709053e+12,3.871907e+03,2.009108e+23,27.880,15.372,3.625,921.676270
2014.10.11_09:12:00_TAI,236.4,2.591256e+22,33.519,84.186,87.802,36.865,-0.06795895,2.342585e+13,0.00252813,1210.038,95.915,3.347159e+12,3.893590e+03,1.962031e+23,27.530,14.967,3.671,911.578186
2014.10.11_09:24:00_TAI,236.6,2.626839e+22,34.037,82.214,85.438,36.200,-0.11612215,2.389595e+13,0.00242442,1219.900,95.049,3.102289e+12,3.840867e+03,1.999836e+23,27.984,15.638,3.679,905.944336
2014.10.11_09:36:00_TAI,236.8,2.636210e+22,33.712,82.050,85.174,36.009,-0.13838351,2.357604e+13,0.00243387,1212.276,95.439,2.845847e+12,3.816707e+03,1.987713e+23,27.483,14.530,3.614,894.703430
2014.10.11_09:48:00_TAI,237.0,2.633034e+22,33.737,81.387,84.757,35.463,-0.07619970,2.348533e+13,0.00253717,1194.241,99.721,3.087114e+12,3.806978e+03,1.987196e+23,27.599,14.711,3.596,907.175659
2014.10.11_10:00:00_TAI,237.2,2.640097e+22,33.693,81.308,85.160,35.774,-0.05750293,2.322485e+13,0.00258449,1191.406,101.501,3.051378e+12,3.817477e+03,1.991105e+23,27.641,14.610,3.710,890.384827
2014.10.11_10:12:00_TAI,237.4,2.674172e+22,33.632,80.304,84.093,35.273,-0.04035997,2.367486e+13,0.00212105,1204.780,84.914,1.650556e+12,3.745937e+03,1.991649e+23,27.664,14.435,3.659,884.462463
2014.10.11_10:24:00_TAI,237.6,2.676652e+22,34.057,80.148,84.122,35.301,-0.10528553,2.374606e+13,0.00239057,1200.104,96.763,2.784388e+12,3.748504e+03,2.015117e+23,28.105,15.215,3.577,882.969360
2014.10.11_10:36:00_TAI,237.8,2.690576e+22,33.913,80.273,84.392,35.609,-0.10741507,2.419947e+13,0.00250104,1210.464,102.060,3.259617e+12,3.688860e+03,1.999172e+23,28.082,15.301,3.487,879.679077
2014.10.11_10:48:00_TAI,238.0,2.681077e+22,33.833,79.018,82.593,34.972,-0.02701163,2.327666e+13,0.00228590,1188.322,92.179,2.331130e+12,3.708262e+03,1.985949e+23,27.892,15.132,3.585,872.648132
2014.10.11_11:00:00_TAI,238.2,2.679971e+22,33.761,80.064,84.202,35.195,-0.06528126,2.393740e+13,0.00226457,1198.179,91.482,2.706948e+12,3.675902e+03,1.972085e+23,27.992,14.855,3.533,859.020691
2014.10.11_11:12:00_TAI,238.4,2.689576e+22,33.783,79.143,82.732,35.176,-0.03858552,2.375471e+13,0.00249024,1191.735,100.673,3.691085e+12,3.692103e+03,1.982247e+23,28.102,15.119,3.574,857.440002
2014.10.11_11:24:00_TAI,238.6,2.699876e+22,33.344,79.670,83.309,35.139,-0.09023306,2.406431e+13,0.00222787,1209.566,89.937,2.543781e+12,3.670333e+03,1.967781e+23,27.753,14.347,3.576,858.071960
2014.10.11_11:36:00_TAI,238.8,2.685905e+22,33.543,80.624,85.674,35.288,-0.07182043,2.423733e+13,0.00230827,1200.451,93.330,3.004798e+12,3.687899e+03,1.980333e+23,28.246,15.161,3.561,849.259583
2014.10.11_11:48:00_TAI,239.0,2.678772e+22,33.262,79.905,83.750,35.058,-0.07666063,2.364636e+13,0.00215518,1199.310,86.026,2.882456e+12,3.671165e+03,1.946141e+23,27.662,14.365,3.602,859.883972
2014.10.11_12:00:00_TAI,239.2,2.673459e+22,33.165,80.248,84.352,35.011,-0.04220240,2.362327e+13,0.00232330,1199.818,92.126,3.360374e+12,3.696830e+03,1.946884e+23,27.784,14.535,3.526,861.753052
2014.10.11_12:12:00_TAI,239.4,2.695897e+22,33.625,80.017,83.910,34.936,-0.05940926,2.428935e+13,0.00204964,1218.821,83.101,2.909605e+12,3.656057e+03,1.968624e+23,28.129,15.413,3.434,861.581421
2014.10.11_12:24:00_TAI,239.6,2.688061e+22,33.366,80.111,83.844,34.906,-0.11582192,2.409828e+13,0.00183859,1219.462,73.926,2.441159e+12,3.620374e+03,1.933207e+23,27.818,14.681,3.536,866.341492
2014.10.11_12:36:00_TAI,239.8,2.700600e+22,33.200,79.468,83.650,34.419,-0.07025345,2.390422e+13,0.00163167,1200.245,66.138,1.664620e+12,3.656972e+03,1.968680e+23,27.692,14.496,3.656,883.921082
2014.10.11_12:48:00_TAI,240.0,2.701743e+22,33.428,79.899,84.483,34.615,-0.05987411,2.418821e+13,0.00186954,1211.873,76.161,2.363303e+12,3.631167e+03,1.964529e+23,28.033,14.701,3.612,884.416199
2014.10.11_13:00:00_TAI,240.2,2.694003e+22,33.156,79.365,83.898,34.333,-0.12385562,2.386547e+13,0.00170387,1195.517,68.905,2.625362e+12,3.679148e+03,1.975976e+23,27.797,14.347,3.402,876.873596
2014.10.11_13:12:00_TAI,240.4,2.700696e+22,33.208,77.423,80.909,33.845,-0.12605044,2.308273e+13,0.00162633,1169.350,65.785,2.672661e+12,3.601261e+03,1.934766e+23,27.763,14.414,3.490,878.423767
2014.10.11_13:24:00_TAI,240.6,2.696964e+22,32.920,78.225,82.166,34.017,-0.15370116,2.300484e+13,0.00137796,1161.279,55.781,3.261018e+12,3.595667e+03,1.933051e+23,27.781,14.392,3.450,856.233765
2014.10.11_13:36:00_TAI,240.8,2.698746e+22,32.770,78.021,81.871,34.180,-0.09408170,2.334449e+13,0.00176949,1179.158,71.755,2.085985e+12,3.510519e+03,1.890585e+23,27.451,13.864,3.427,860.554199
2014.10.11_13:48:00_TAI,241.0,2.682803e+22,32.822,81.325,90.160,34.558,-0.21186016,2.514400e+13,0.00303568,1312.156,122.790,4.491355e+12,4.007069e+03,2.152626e+23,28.083,14.047,3.468,872.438416
2014.10.11_14:00:00_TAI,241.2,2.692884e+22,32.508,78.758,82.920,34.203,-0.13551141,2.282507e+13,0.00157080,1173.411,62.827,2.840536e+12,3.544093e+03,1.882591e+23,27.271,13.293,3.578,888.456482
2014.10.11_14:12:00_TAI,241.4,2.687095e+22,32.809,79.352,84.470,34.436,-0.19289880,2.317149e+13,0.00148053,1184.581,59.283,4.048103e+12,3.611910e+03,1.920869e+23,27.830,14.177,3.366,901.624207
2014.10.11_14:24:00_TAI,241.6,2.698000e+22,32.755,79.464,83.999,34.353,-0.15650892,2.311072e+13,0.00146183,1191.808,58.472,3.280739e+12,3.600996e+03,1.912961e+23,27.346,13.792,3.381,892.625488
2014.10.11_14:36:00_TAI,241.8,2.689485e+22,32.341,79.714,83.822,34.200,-0.12901059,2.303748e+13,0.00114105,1171.849,45.565,2.699716e+12,3.533119e+03,1.873759e+23,27.211,13.207,3.394,903.848816
2014.10.11_14:48:00_TAI,242.0,2.669602e+22,32.236,81.131,84.661,34.738,-0.10531187,2.287103e+13,0.00104536,1184.545,40.895,2.158868e+12,3.594810e+03,1.867663e+23,26.818,12.740,3.358,892.819458
2014.10.11_15:00:00_TAI,242.2,2.628453e+22,32.371,81.303,84.931,34.955,-0.20051794,2.253726e+13,0.00135072,1170.120,51.625,4.015901e+12,3.690650e+03,1.873344e+23,26.959,13.087,3.441,886.981201
2014.10.11_15:12:00_TAI,242.4,2.594409e+22,32.002,81.985,85.048,35.018,-0.17489307,2.195593e+13,0.00108713,1154.536,40.448,3.409869e+12,3.698690e+03,1.827715e+23,26.663,12.360,3.183,890.845886
2014.10.11_15:24:00_TAI,242.6,2.632647e+22,31.992,81.619,84.422,34.934,-0.18387257,2.248791e+13,0.00101216,1178.640,38.378,3.653166e+12,3.634681e+03,1.830308e+23,26.563,12.100,3.173,881.828003
2014.10.11_15:36:00_TAI,242.8,2.612785e+22,31.730,82.235,85.630,35.161,-0.21915416,2.197734e+13,0.00101656,1177.758,37.684,4.256782e+12,3.682933e+03,1.813179e+23,26.240,11.462,3.404,884.021240
2014.10.11_15:48:00_TAI,243.0,2.624667e+22,31.679,83.209,87.199,35.498,-0.17963770,2.284134e+13,0.00099038,1223.710,36.779,3.495271e+12,3.719068e+03,1.834179e+23,26.433,11.948,3.382,888.930298
2014.10.11_16:00:00_TAI,243.2,2.595991e+22,31.793,83.924,88.132,35.991,-0.19714858,2.282464e+13,0.00073396,1228.223,26.673,3.753998e+12,3.766347e+03,1.817832e+23,26.451,11.804,3.713,892.858582
2014.10.11_16:12:00_TAI,243.4,2.601744e+22,31.499,84.346,88.989,36.452,-0.21833831,2.301304e+13,0.00080270,1244.350,29.045,4.139215e+12,3.681664e+03,1.769185e+23,26.205,11.560,3.313,891.599670
2014.10.11_16:24:00_TAI,243.6,2.597759e+22,31.570,84.389,89.452,36.296,-0.20894510,2.298340e+13,0.00121570,1238.196,44.030,3.964793e+12,3.598375e+03,1.730786e+23,26.165,12.082,3.376,899.898682
2014.10.11_16:36:00_TAI,243.8,2.601591e+22,31.277,84.443,89.291,36.146,-0.21644470,2.270500e+13,0.00096988,1235.308,34.988,4.091157e+12,3.553189e+03,1.702446e+23,26.029,11.647,3.378,897.439148
2014.10.11_16:48:00_TAI,244.0,2.577765e+22,31.147,84.874,90.682,36.566,-0.20440513,2.308778e+13,0.00111950,1244.653,40.119,3.837831e+12,3.574344e+03,1.701189e+23,26.179,11.809,3.316,903.194763
2014.10.11_17:00:00_TAI,244.2,2.588097e+22,31.046,83.855,89.374,36.032,-0.21005596,2.295117e+13,0.00161774,1233.650,58.863,4.004181e+12,3.452960e+03,1.668547e+23,26.145,11.581,3.334,914.507507
2014.10.11_17:12:00_TAI,244.4,2.532082e+22,31.214,84.481,91.962,35.236,-0.32981965,2.300372e+13,0.00077241,1253.437,27.591,6.172017e+12,3.881667e+03,1.841376e+23,26.249,11.557,3.298,901.957031
2014.10.11_17:24:00_TAI,244.6,2.520802e+22,30.386,82.356,87.626,35.092,-0.17609015,2.187557e+13,0.00134214,1176.411,47.225,3.246024e+12,3.296520e+03,1.540460e+23,25.550,10.387,3.268,909.437866
2014.10.11_17:36:00_TAI,244.8,2.489080e+22,30.421,83.114,89.226,34.955,-0.08894577,2.157201e+13,0.00147836,1143.629,52.112,2.080374e+12,3.267518e+03,1.529685e+23,25.761,10.488,3.491,915.063110
2014.10.11_17:48:00_TAI,245.0,2.506862e+22,30.008,82.670,87.401,34.763,-0.09832583,2.176436e+13,0.00101900,1131.021,36.570,1.848706e+12,2.997651e+03,1.428786e+23,24.805,9.136,3.407,902.428650
2014.10.11_18:24:00_TAI,245.6,2.446515e+22,29.685,83.574,87.219,34.229,-0.09086019,2.138084e+13,0.00084222,1086.193,30.296,2.030630e+12,2.740445e+03,1.309177e+23,24.780,8.484,3.197,922.130005
2014.10.11_18:36:00_TAI,245.8,2.366854e+22,30.229,87.041,93.928,34.478,-0.16469400,2.216649e+13,0.00083437,1103.476,29.490,3.049472e+12,3.299011e+03,1.548546e+23,25.680,9.537,3.569,931.568665
2014.10.11_18:48:00_TAI,246.0,2.386178e+22,29.272,84.680,88.911,33.826,-0.11418478,2.082058e+13,0.00064791,1055.311,23.076,2.130632e+12,2.633635e+03,1.245804e+23,24.528,7.718,3.200,917.329773
2014.10.11_19:00:00_TAI,246.2,2.324541e+22,29.286,87.723,94.933,34.316,0.03013688,2.112085e+13,-0.00140418,1056.169,49.354,3.374063e+12,2.904395e+03,1.355716e+23,24.599,7.790,3.328,905.922363
2014.10.11_19:12:00_TAI,246.4,2.332785e+22,28.343,85.648,88.850,34.041,-0.10001893,2.052865e+13,0.00046833,1030.618,16.330,1.827064e+12,2.410597e+03,1.116321e+23,23.357,5.773,3.125,913.157227
2014.10.11_19:24:00_TAI,246.6,2.271871e+22,28.094,87.511,90.730,34.332,-0.09179826,1.987212e+13,-0.00011962,1003.147,4.019,1.615538e+12,2.420923e+03,1.080078e+23,23.177,5.495,3.162,913.963867
2014.10.11_19:36:00_TAI,246.8,2.245333e+22,28.178,87.915,90.899,34.616,-0.03998956,1.988394e+13,0.00028053,1000.982,9.368,6.996228e+11,2.389775e+03,1.059898e+23,23.210,5.369,3.320,908.347107
2014.10.11_19:48:00_TAI,247.0,2.183378e+22,28.170,91.011,95.933,35.414,-0.06449801,2.007829e+13,0.00046383,1011.621,15.031,1.095025e+12,2.556738e+03,1.100401e+23,23.369,5.869,3.081,903.399048
2014.10.11_20:00:00_TAI,247.2,2.140239e+22,27.994,90.407,95.408,34.820,-0.14004323,1.964070e+13,0.00091267,985.708,28.849,2.319150e+12,2.474279e+03,1.038722e+23,23.303,5.868,3.231,898.957153
2014.10.11_20:12:00_TAI,247.4,2.134619e+22,27.928,90.207,93.785,35.642,-0.13613178,1.974754e+13,0.00045539,981.422,14.393,2.253967e+12,2.354616e+03,9.882993e+22,22.993,5.458,3.104,900.250610
2014.10.11_20:24:00_TAI,247.6,2.120456e+22,28.042,90.916,95.341,35.765,-0.18638684,1.987145e+13,-0.00012610,974.666,3.998,3.095651e+12,2.328502e+03,9.803691e+22,23.400,5.914,3.050,887.091003
2014.10.11_20:36:00_TAI,247.8,2.080153e+22,27.909,91.620,96.267,35.896,-0.23290513,1.992021e+13,-0.00040663,974.590,12.619,3.786673e+12,2.304506e+03,9.497913e+22,23.397,5.555,3.098,880.161194
2014.10.11_20:48:00_TAI,248.0,2.039673e+22,28.296,92.273,98.174,36.005,-0.26288599,2.006573e+13,0.00007703,971.158,2.378,4.252405e+12,2.461114e+03,1.009172e+23,24.052,6.853,2.908,865.343079
2014.10.11_21:00:00_TAI,248.2,2.028040e+22,28.393,91.828,97.601,35.855,-0.14978088,2.037233e+13,-0.00017129,967.370,5.290,2.423257e+12,2.243252e+03,9.199878e+22,24.239,7.092,3.135,859.393250
2014.10.11_21:12:00_TAI,248.4,2.029204e+22,27.956,90.446,96.153,35.424,-0.22823070,1.966075e+13,-0.00089270,932.261,27.738,3.715362e+12,2.157829e+03,8.904278e+22,24.042,6.649,2.925,840.226013
2014.10.11_21:24:00_TAI,248.6,1.997118e+22,27.536,89.844,93.466,35.304,-0.30210680,1.874862e+13,-0.00068325,911.595,20.486,4.745698e+12,2.115243e+03,8.422632e+22,22.831,4.866,2.961,843.046631
2014.10.11_21:36:00_TAI,248.8,1.978806e+22,27.453,90.538,94.891,35.822,-0.27835974,1.911885e+13,-0.00061555,920.127,18.348,4.347357e+12,2.099655e+03,8.312045e+22,23.021,5.032,3.024,828.171570
2014.10.11_21:48:00_TAI,249.0,1.957564e+22,27.495,91.032,95.576,35.872,-0.27853853,1.896819e+13,-0.00063707,915.671,18.817,4.310674e+12,2.100028e+03,8.237943e+22,22.869,4.794,3.709,813.919006
2014.10.11_22:00:00_TAI,249.2,1.921024e+22,27.416,90.382,94.438,35.216,-0.22303934,1.821163e+13,-0.00076420,881.984,22.167,3.389775e+12,2.082811e+03,8.023526e+22,22.719,4.547,3.685,803.102173
2014.10.11_22:12:00_TAI,249.4,1.905073e+22,27.187,90.364,95.108,35.350,-0.27177522,1.837538e+13,-0.00056716,872.854,16.443,4.128266e+12,2.005295e+03,7.720655e+22,22.720,4.484,3.549,785.576843
2014.10.11_22:24:00_TAI,249.6,1.892065e+22,27.190,91.018,95.197,35.228,-0.27029648,1.840423e+13,-0.00078445,868.200,22.708,4.099934e+12,2.017778e+03,7.757459e+22,23.130,4.909,3.455,761.800354
2014.10.11_22:36:00_TAI,249.8,1.897357e+22,27.372,91.909,97.624,35.719,-0.28836295,1.884195e+13,-0.00033218,882.186,9.716,4.419236e+12,2.125377e+03,8.255527e+22,23.057,4.763,3.643,767.929260
2014.10.11_22:48:00_TAI,250.0,1.907702e+22,27.192,89.929,94.190,34.644,-0.26247141,1.856685e+13,-0.00032862,867.756,9.696,4.058144e+12,1.989248e+03,7.795189e+22,22.997,4.690,4.058,757.853455
2014.10.11_23:00:00_TAI,250.2,1.897622e+22,27.512,91.230,97.419,34.727,-0.26089734,1.889302e+13,-0.00033367,870.877,9.932,4.069572e+12,2.137989e+03,8.452158e+22,23.783,5.419,3.914,755.697571
2014.10.11_23:12:00_TAI,250.4,1.896560e+22,27.225,89.859,96.046,34.218,-0.24099579,1.841360e+13,-0.00041406,849.066,12.349,3.766293e+12,2.064310e+03,8.176233e+22,23.144,4.523,4.155,751.085083
2014.10.11_23:24:00_TAI,250.6,1.865426e+22,27.102,89.669,94.999,34.461,-0.19078498,1.775047e+13,-0.00049779,823.882,14.582,2.928773e+12,2.037887e+03,7.928411e+22,23.067,4.345,3.984,737.042175
2014.10.11_23:36:00_TAI,250.8,1.853374e+22,27.146,89.659,95.925,34.313,-0.23319292,1.799559e+13,-0.00048674,825.128,14.208,3.567155e+12,2.067598e+03,8.015447e+22,23.219,4.566,3.852,749.599487
2014.10.11_23:48:00_TAI,251.0,1.861427e+22,26.967,89.171,93.810,33.836,-0.24076664,1.755780e+13,-0.00099958,804.533,29.282,3.696214e+12,1.984020e+03,7.718841e+22,22.935,4.311,3.964,725.890991
2014.10.12_00:00:00_TAI,251.2,1.842061e+22,26.847,90.358,95.558,34.009,-0.28674003,1.758941e+13,-0.00084745,807.913,24.413,4.329059e+12,1.975416e+03,7.557870e+22,22.751,3.947,4.396,719.117798
2014.10.12_00:12:00_TAI,251.4,1.855979e+22,27.037,89.524,94.933,33.690,-0.23088303,1.767191e+13,-0.00077756,800.259,22.743,3.539075e+12,1.956982e+03,7.601696e+22,22.927,4.298,4.030,748.331421
2014.10.12_00:24:00_TAI,251.6,1.845636e+22,26.840,90.298,95.118,34.164,-0.25312030,1.744735e+13,-0.00107874,807.569,31.058,3.819533e+12,1.929880e+03,7.379550e+22,22.577,3.970,4.225,746.285156
2014.10.12_00:36:00_TAI,251.8,1.842188e+22,26.968,88.035,90.574,34.192,-0.16025054,1.740373e+13,-0.00112980,814.356,32.511,2.417026e+12,1.830846e+03,6.997452e+22,22.354,3.767,4.147,722.696167
2014.10.12_00:48:00_TAI,252.0,1.801564e+22,26.980,89.990,95.162,34.337,-0.23825565,1.742102e+13,-0.00135335,816.125,37.848,3.492245e+12,2.009604e+03,7.463952e+22,22.720,3.976,4.385,724.158813
2014.10.12_01:00:00_TAI,252.2,1.806163e+22,26.415,92.089,98.347,34.203,-0.24031001,1.757663e+13,-0.00206440,822.266,57.787,3.525710e+12,1.980414e+03,7.362375e+22,22.402,3.962,4.329,724.151733
2014.10.12_01:12:00_TAI,252.4,1.774430e+22,26.627,90.219,94.821,34.251,-0.21072520,1.683827e+13,-0.00134373,789.855,36.774,3.022694e+12,1.939288e+03,7.048522e+22,22.218,3.424,4.321,726.783447
2014.10.12_01:24:00_TAI,252.6,1.744572e+22,26.361,90.905,94.766,34.237,-0.26079315,1.656363e+13,-0.00125310,787.277,33.377,3.641175e+12,1.948792e+03,6.894133e+22,22.123,3.033,4.462,708.973083
2014.10.12_01:36:00_TAI,252.8,1.752740e+22,26.353,90.125,91.654,35.202,-0.16784644,1.637488e+13,-0.00161697,771.767,43.097,2.344916e+12,1.788276e+03,6.330082e+22,21.572,2.660,4.507,699.992981
2014.10.12_01:48:00_TAI,253.0,1.713265e+22,26.620,91.384,94.112,35.487,-0.13895859,1.682284e+13,-0.00080794,797.245,21.100,1.902261e+12,1.935251e+03,6.712327e+22,22.137,4.174,4.406,715.557434
2014.10.12_02:00:00_TAI,253.2,1.692511e+22,26.156,92.458,95.569,35.675,-0.27588987,1.586579e+13,-0.00176188,762.059,45.007,3.694126e+12,1.879485e+03,6.376131e+22,MISSING,3.085,4.640,698.907837
2014.10.12_02:12:00_TAI,253.4,1.673462e+22,25.918,97.503,104.531,35.941,-0.38672858,1.651767e+13,-0.00345432,789.939,87.522,5.136175e+12,2.084335e+03,7.013508e+22,22.341,3.801,4.557,690.052917
2014.10.12_02:24:00_TAI,253.6,1.651966e+22,25.765,91.900,92.565,36.450,-0.22561748,1.527593e+13,-0.00180381,743.427,44.466,2.915487e+12,1.728465e+03,5.658813e+22,20.883,2.142,4.581,677.134216
2014.10.12_02:36:00_TAI,253.8,1.628680e+22,26.015,97.120,100.587,36.484,-0.35830262,1.638780e+13,-0.00293549,775.823,72.747,4.654577e+12,1.830018e+03,6.022884e+22,22.466,4.003,4.557,678.861511
2014.10.12_02:48:00_TAI,254.0,1.619357e+22,25.646,96.721,98.895,36.667,-0.40590504,1.570944e+13,-0.00321134,754.388,78.232,5.183470e+12,1.784669e+03,5.773849e+22,21.800,3.276,4.604,664.537415
2014.10.12_03:00:00_TAI,254.2,1.592772e+22,25.732,92.911,93.450,36.356,-0.19350962,1.470017e+13,-0.00189440,709.275,45.293,2.425336e+12,1.639928e+03,5.207134e+22,20.658,2.288,4.813,672.832581
2014.10.12_03:12:00_TAI,254.4,1.561552e+22,26.028,98.298,101.847,36.593,-0.22812447,1.587564e+13,-0.00252615,754.522,60.413,2.859938e+12,1.895786e+03,6.021051e+22,22.486,4.713,4.788,651.666199
2014.10.12_03:24:00_TAI,254.6,1.528336e+22,25.854,98.078,102.515,36.297,-0.12081678,1.551242e+13,-0.00194843,728.717,46.073,1.497696e+12,1.771935e+03,5.564632e+22,21.985,4.787,4.873,664.462891
2014.10.12_03:36:00_TAI,254.8,1.528877e+22,25.304,95.597,97.205,35.360,-0.10922074,1.438920e+13,-0.00251100,692.733,58.878,1.342570e+12,1.587837e+03,4.944523e+22,20.544,2.367,4.800,639.291565
2014.10.12_03:48:00_TAI,255.0,1.500007e+22,25.300,95.594,97.305,35.157,-0.10738695,1.429633e+13,-0.00300620,674.952,69.993,1.518792e+12,1.527852e+03,4.724249e+22,21.069,3.122,4.782,640.042480
2014.10.12_04:00:00_TAI,255.2,1.490891e+22,25.087,93.981,94.311,34.891,-0.16472341,1.373432e+13,-0.00326926,656.019,75.379,2.133974e+12,1.429462e+03,4.377494e+22,20.050,1.999,4.812,606.573181
2014.10.12_04:12:00_TAI,255.4,1.457351e+22,25.030,96.163,97.094,34.637,-0.07042141,1.348274e+13,-0.00319640,636.403,72.558,1.721186e+12,1.426246e+03,4.299646e+22,20.423,2.401,4.804,595.723022
2014.10.12_04:24:00_TAI,255.6,1.455658e+22,24.812,96.730,97.025,34.716,-0.08340626,1.351961e+13,-0.00315652,634.110,72.410,1.510630e+12,1.354883e+03,4.127698e+22,20.101,2.123,4.778,575.650330
2014.10.12_04:36:00_TAI,255.8,1.432133e+22,24.674,96.664,97.160,33.968,-0.10989313,1.312658e+13,-0.00336856,611.726,76.449,1.999667e+12,1.306958e+03,3.939168e+22,19.818,1.736,4.867,554.212646
2014.10.12_04:48:00_TAI,256.0,1.403415e+22,25.214,97.278,99.368,33.593,0.01712654,1.350089e+13,-0.00265824,618.621,59.951,1.804081e+12,1.447329e+03,4.335143e+22,20.802,2.470,4.812,545.076233
2014.10.12_05:00:00_TAI,256.2,1.399519e+22,24.589,97.186,98.017,33.395,-0.04463138,1.296710e+13,-0.00288118,594.950,64.642,1.344108e+12,1.288339e+03,3.838734e+22,19.926,1.462,4.838,522.349792
2014.10.12_05:12:00_TAI,256.4,1.380431e+22,24.692,97.558,98.836,33.411,-0.13140671,1.284729e+13,-0.00277893,585.538,61.556,1.526026e+12,1.310000e+03,3.853693e+22,20.086,1.860,4.761,523.917358
2014.10.12_05:24:00_TAI,256.6,1.359799e+22,24.822,98.254,100.020,33.549,-0.08897549,1.266693e+13,-0.00283691,575.919,61.978,1.239262e+12,1.330420e+03,3.860050e+22,20.496,2.106,4.891,511.296875
2014.10.12_05:36:00_TAI,256.8,1.343007e+22,24.668,99.192,100.506,33.557,-0.14158478,1.258815e+13,-0.00295765,576.848,63.640,1.597240e+12,1.344961e+03,3.843475e+22,20.453,1.668,4.892,493.069122
2014.10.12_05:48:00_TAI,257.0,1.312706e+22,25.241,101.293,104.789,33.796,0.02580765,1.326521e+13,-0.00230785,600.667,48.746,7.578754e+11,1.508760e+03,4.232418e+22,21.525,2.343,4.864,482.584290
2014.10.12_06:24:00_TAI,257.6,1.222333e+22,24.907,102.228,104.261,34.214,-0.14528629,1.288614e+13,-0.00267337,590.696,51.922,1.479327e+12,1.511627e+03,3.898983e+22,21.326,1.751,4.892,448.612183
2014.10.12_06:36:00_TAI,257.8,1.179332e+22,24.562,102.709,104.985,34.589,-0.26683772,1.228829e+13,-0.00325419,570.004,60.014,2.579870e+12,1.524878e+03,3.734701e+22,21.030,1.719,5.050,432.458405
2014.10.12_06:48:00_TAI,258.0,1.135590e+22,24.499,106.733,109.108,35.139,-0.20981479,1.190789e+13,-0.00326662,555.906,57.385,1.932291e+12,1.550726e+03,3.617804e+22,21.319,1.992,5.063,420.552673
2014.10.12_07:00:00_TAI,258.2,1.101303e+22,24.486,105.266,106.597,35.442,-0.29648352,1.151269e+13,-0.00371332,545.191,62.963,2.635473e+12,1.475459e+03,3.322485e+22,20.681,1.463,5.167,406.143585
2014.10.12_07:12:00_TAI,258.4,1.073637e+22,24.330,106.645,107.490,35.703,-0.27184394,1.133911e+13,-0.00376120,537.057,62.176,2.355997e+12,1.461498e+03,3.208753e+22,20.552,1.530,5.198,396.155792
2014.10.12_07:24:00_TAI,258.6,1.036056e+22,24.493,109.509,111.250,35.972,-0.28067428,1.135305e+13,-0.00426595,536.602,68.063,2.347598e+12,1.507257e+03,3.193720e+22,21.097,1.981,5.216,380.242584
2014.10.12_07:36:00_TAI,258.8,1.016458e+22,24.193,109.374,110.769,35.723,-0.33962741,1.076232e+13,-0.00441470,514.331,68.812,2.775309e+12,1.472054e+03,3.047380e+22,20.363,1.142,5.097,375.398285
2014.10.12_07:48:00_TAI,259.0,1.009345e+22,24.318,109.301,109.918,35.712,-0.22912095,1.066592e+13,-0.00421928,503.536,65.673,1.869500e+12,1.436554e+03,2.969501e+22,20.406,1.304,5.129,364.670807
2014.10.12_08:00:00_TAI,259.2,1.003372e+22,24.297,109.488,110.255,36.026,-0.32894644,1.066322e+13,-0.00513556,501.218,80.125,2.690357e+12,1.412608e+03,2.926944e+22,20.348,1.231,4.982,355.836456
2014.10.12_08:12:00_TAI,259.4,1.001736e+22,24.296,108.749,109.080,35.720,-0.31863895,1.047205e+13,-0.00510693,493.716,80.021,2.617200e+12,1.368365e+03,2.847448e+22,20.114,0.862,5.071,344.491425
2014.10.12_08:24:00_TAI,259.6,1.004939e+22,24.157,110.648,111.399,36.040,-0.27069464,1.059667e+13,-0.00509395,495.109,80.428,2.240385e+12,1.394577e+03,2.924217e+22,20.314,1.159,4.852,343.191223
2014.10.12_08:36:00_TAI,259.8,1.013576e+22,24.278,110.116,109.974,35.780,-0.24306859,1.074590e+13,-0.00542687,498.602,87.622,2.891611e+12,1.336101e+03,2.864949e+22,20.206,1.164,4.810,332.769409
2014.10.12_08:48:00_TAI,260.0,1.011162e+22,24.279,109.014,108.884,35.273,-0.20947537,1.077205e+13,-0.00473189,493.934,76.822,2.212535e+12,1.304442e+03,2.812482e+22,20.170,0.967,4.773,333.319977
2014.10.12_09:00:00_TAI,260.2,1.024704e+22,24.353,107.628,107.354,34.913,-0.17944695,1.075591e+13,-0.00498639,486.952,83.143,2.811215e+12,1.276285e+03,2.826180e+22,20.218,0.852,4.741,334.003784
2014.10.12_09:12:00_TAI,260.4,1.014204e+22,24.147,106.944,106.708,34.719,-0.15214968,1.040795e+13,-0.00474284,474.894,78.081,2.534389e+12,1.255441e+03,2.744846e+22,19.978,0.923,4.714,331.231598
2014.10.12_09:24:00_TAI,260.6,1.025927e+22,24.381,105.956,105.905,34.414,-0.14609650,1.062118e+13,-0.00460497,478.114,77.612,2.481047e+12,1.242215e+03,2.780432e+22,20.093,0.896,4.596,327.424103
2014.10.12_09:36:00_TAI,260.8,1.036152e+22,24.458,106.189,106.144,34.187,-0.15966663,1.059545e+13,-0.00468046,474.727,80.073,2.757587e+12,1.239370e+03,2.815871e+22,20.175,0.935,4.584,327.268250
2014.10.12_09:48:00_TAI,261.0,1.044234e+22,24.471,105.503,105.346,33.877,-0.08787239,1.076939e+13,-0.00379099,478.688,65.694,1.780783e+12,1.225989e+03,2.821451e+22,20.211,0.889,4.465,328.980042
2014.10.12_10:00:00_TAI,261.2,1.036777e+22,24.338,104.191,104.191,33.158,-0.07063863,1.044011e+13,-0.00361626,463.888,62.337,1.373998e+12,1.230658e+03,2.817323e+22,20.295,0.969,4.705,328.396759
2014.10.12_10:12:00_TAI,261.4,1.041428e+22,24.415,103.669,103.589,33.653,-0.14415461,1.049199e+13,-0.00351812,464.062,61.039,1.836946e+12,1.229929e+03,2.834112e+22,20.314,0.934,4.730,331.552002
2014.10.12_10:24:00_TAI,261.6,1.052860e+22,24.370,102.940,102.814,33.343,-0.11402683,1.074820e+13,-0.00387924,472.775,68.309,2.397616e+12,1.223925e+03,2.862214e+22,20.364,0.960,4.821,329.031036
2014.10.12_10:36:00_TAI,261.8,1.054383e+22,24.541,102.296,102.346,33.211,-0.09605039,1.065646e+13,-0.00387146,463.213,68.695,2.422530e+12,1.200697e+03,2.829580e+22,20.291,1.003,4.765,326.873901
2014.10.12_10:48:00_TAI,262.0,1.051464e+22,24.465,101.573,101.540,33.244,-0.14354986,1.070157e+13,-0.00359692,467.025,63.806,1.712679e+12,1.198818e+03,2.824357e+22,20.420,1.206,4.878,320.609344
2014.10.12_11:00:00_TAI,262.2,1.041222e+22,24.292,102.026,102.189,32.905,-0.13239360,1.040422e+13,-0.00383735,457.100,66.678,2.141161e+12,1.215242e+03,2.804304e+22,20.252,0.875,4.839,315.873840
2014.10.12_11:12:00_TAI,262.4,1.042159e+22,24.527,102.147,102.182,33.138,-0.14752573,1.034313e+13,-0.00422157,453.729,73.814,2.778082e+12,1.206970e+03,2.802848e+22,20.334,1.047,4.807,318.346680
2014.10.12_11:24:00_TAI,262.6,1.043854e+22,24.454,102.344,102.526,33.149,-0.15194163,1.046246e+13,-0.00395207,457.657,69.019,2.218429e+12,1.214541e+03,2.816880e+22,20.346,0.899,4.875,313.777557
2014.10.12_11:36:00_TAI,262.8,1.044140e+22,24.618,100.981,101.002,33.103,-0.11915749,1.058382e+13,-0.00378081,458.909,66.512,2.070546e+12,1.213385e+03,2.834825e+22,20.572,1.108,4.788,310.499298
2014.10.12_11:48:00_TAI,263.0,1.043494e+22,24.555,101.501,101.539,32.909,-0.11160271,1.046900e+13,-0.00379048,452.958,66.678,2.246950e+12,1.210855e+03,2.828754e+22,20.603,1.063,4.707,308.653015
2014.10.12_12:00:00_TAI,263.2,1.045004e+22,24.373,101.779,101.908,32.912,-0.09941769,1.062759e+13,-0.00406501,461.401,71.463,2.383479e+12,1.217432e+03,2.842340e+22,20.591,1.177,4.798,305.335419
2014.10.12_12:12:00_TAI,263.4,1.034618e+22,24.380,102.547,102.497,33.255,-0.15932268,1.047363e+13,-0.00428110,455.989,74.324,2.934917e+12,1.223873e+03,2.821945e+22,20.586,1.181,4.898,303.441101
2014.10.12_12:24:00_TAI,263.6,1.029370e+22,24.362,102.671,102.678,33.324,-0.16295776,1.027634e+13,-0.00438022,452.704,75.265,2.693389e+12,1.231287e+03,2.809771e+22,20.463,0.809,4.829,296.306396
2014.10.12_12:36:00_TAI,263.8,1.021887e+22,24.361,102.301,102.403,33.132,-0.09550466,1.032592e+13,-0.00427005,454.558,72.809,2.582175e+12,1.236615e+03,2.800416e+22,20.541,0.751,4.810,288.169098
2014.10.12_12:48:00_TAI,264.0,1.013759e+22,24.412,102.993,103.094,33.263,-0.16347045,1.027684e+13,-0.00437514,449.262,74.163,3.024493e+12,1.226579e+03,2.761397e+22,20.526,0.973,4.778,291.332184
2014.10.12_13:00:00_TAI,264.2,1.011721e+22,24.450,102.268,102.301,33.311,-0.13071191,1.021563e+13,-0.00395418,439.887,67.261,2.584392e+12,1.210712e+03,2.735002e+22,20.579,0.776,4.861,289.263672
2014.10.12_13:12:00_TAI,264.4,9.934649e+21,24.312,103.537,103.638,33.641,-0.17011204,9.956035e+12,-0.00455737,435.502,75.333,2.972404e+12,1.238461e+03,2.718738e+22,20.508,0.920,4.898,287.901459
2014.10.12_13:24:00_TAI,264.6,9.732507e+21,24.276,102.877,102.947,33.391,-0.15486728,9.536398e+12,-0.00447379,418.003,72.538,3.064581e+12,1.215632e+03,2.617608e+22,20.355,0.851,4.888,291.649109
2014.10.12_13:36:00_TAI,264.8,9.592991e+21,24.244,102.280,102.563,32.963,-0.13073114,9.549377e+12,-0.00428281,416.073,68.808,2.448734e+12,1.194115e+03,2.548123e+22,20.351,0.759,4.930,283.603973
2014.10.12_13:48:00_TAI,265.0,9.469172e+21,24.327,102.250,102.447,32.740,-0.08437281,9.542770e+12,-0.00486570,418.422,77.331,3.012585e+12,1.201748e+03,2.536482e+22,20.484,0.912,4.917,279.544189
2014.10.12_14:00:00_TAI,265.2,9.318233e+21,24.060,101.084,101.319,32.410,-0.12385062,9.175212e+12,-0.00481129,402.792,75.037,2.907934e+12,1.178246e+03,2.440405e+22,20.187,0.526,4.969,281.628448
2014.10.12_14:12:00_TAI,265.4,9.367432e+21,24.184,100.837,101.198,32.298,-0.08874936,9.292215e+12,-0.00438052,409.249,68.796,2.159664e+12,1.163353e+03,2.426398e+22,20.011,0.465,4.990,277.402344
2014.10.12_14:24:00_TAI,265.6,9.200281e+21,24.210,101.510,101.802,32.358,-0.10703341,8.981001e+12,-0.00504405,397.036,77.426,2.916349e+12,1.178966e+03,2.403378e+22,20.121,0.749,4.914,276.701996
2014.10.12_14:36:00_TAI,265.8,9.210370e+21,24.104,102.018,102.384,32.214,-0.10637496,9.233281e+12,-0.00507725,409.154,78.042,3.071213e+12,1.180043e+03,2.408866e+22,20.111,0.833,4.901,274.633026
2014.10.12_14:48:00_TAI,266.0,9.226930e+21,24.032,102.226,102.658,32.397,-0.10155366,9.192194e+12,-0.00465888,410.134,71.421,2.384371e+12,1.171035e+03,2.384257e+22,19.866,0.515,4.843,277.751312
2014.10.12_15:00:00_TAI,266.2,8.960712e+21,23.906,104.443,104.789,33.274,-0.17821920,8.951885e+12,-0.00583883,407.416,84.885,3.652225e+12,1.213801e+03,2.343497e+22,19.701,0.736,5.005,278.730835
2014.10.12_15:12:00_TAI,266.4,8.978099e+21,23.881,104.937,105.415,33.321,-0.09689550,9.013122e+12,-0.00558330,404.954,81.505,3.030228e+12,1.217668e+03,2.360667e+22,19.830,0.836,4.969,274.086609
2014.10.12_15:24:00_TAI,266.6,8.900432e+21,23.825,105.522,106.205,33.163,-0.19339505,8.895729e+12,-0.00593386,404.374,85.353,3.598685e+12,1.218204e+03,2.327086e+22,19.723,0.605,4.973,271.887482
2014.10.12_15:36:00_TAI,266.8,8.733763e+21,23.852,106.646,107.252,33.465,-0.18699965,8.927870e+12,-0.00576073,405.142,80.731,3.033841e+12,1.249896e+03,2.326209e+22,19.911,0.906,5.011,267.682159
2014.10.12_15:48:00_TAI,267.0,8.558395e+21,23.768,107.827,108.309,34.178,-0.14156717,8.652639e+12,-0.00589555,395.575,80.014,3.094011e+12,1.251972e+03,2.256748e+22,19.759,0.818,5.049,263.913879
2014.10.12_16:00:00_TAI,267.2,8.465216e+21,23.528,108.977,109.577,34.506,-0.21120031,8.576868e+12,-0.00649888,397.250,86.149,3.724990e+12,1.279083e+03,2.251939e+22,19.704,0.739,5.023,263.436127
2014.10.12_16:12:00_TAI,267.4,8.411642e+21,23.501,109.586,110.276,34.641,-0.27647322,8.566766e+12,-0.00652396,399.839,85.307,3.441591e+12,1.304753e+03,2.265769e+22,19.805,0.749,4.883,260.434784
2014.10.12_16:24:00_TAI,267.6,8.437154e+21,23.435,109.508,110.365,34.292,-0.29281709,8.677924e+12,-0.00617952,408.663,80.414,3.482878e+12,1.342938e+03,2.320844e+22,19.968,0.999,4.846,258.091248
2014.10.12_16:36:00_TAI,267.8,8.472679e+21,23.338,107.812,108.821,33.950,-0.31215346,8.718601e+12,-0.00575427,406.937,75.306,3.287419e+12,1.346405e+03,2.340068e+22,20.062,0.795,4.882,258.708679
2014.10.12_16:48:00_TAI,268.0,8.489106e+21,23.452,106.791,107.583,34.024,-0.25685227,8.687702e+12,-0.00559990,405.805,73.857,3.012277e+12,1.349139e+03,2.363096e+22,20.279,0.826,4.789,250.679916
2014.10.12_17:00:00_TAI,268.2,8.578477e+21,23.431,105.663,106.503,33.618,-0.19578348,8.851873e+12,-0.00489002,411.931,65.419,2.460933e+12,1.346337e+03,2.392158e+22,20.334,0.673,4.811,246.904190
2014.10.12_17:12:00_TAI,268.4,8.703658e+21,23.511,104.817,105.538,33.670,-0.23349783,8.804320e+12,-0.00521815,411.185,70.680,2.841346e+12,1.368988e+03,2.462584e+22,20.488,0.915,4.716,243.532196
2014.10.12_17:24:00_TAI,268.6,8.932945e+21,23.547,104.198,104.747,33.501,-0.20972079,8.986573e+12,-0.00525994,415.881,73.639,2.849306e+12,1.361351e+03,2.531109e+22,20.532,0.736,4.441,246.561203
2014.10.12_17:36:00_TAI,268.8,9.089187e+21,23.672,102.251,102.720,33.226,-0.13043188,9.121494e+12,-0.00498801,416.641,71.872,3.073905e+12,1.313694e+03,2.514206e+22,20.357,0.840,4.604,247.123520
2014.10.12_17:48:00_TAI,269.0,9.178319e+21,23.668,100.466,101.046,32.680,-0.18073419,9.148741e+12,-0.00491151,416.945,72.204,2.943888e+12,1.275348e+03,2.489935e+22,20.253,0.673,4.455,246.131287
2014.10.12_18:24:00_TAI,269.6,9.494077e+21,23.632,99.004,99.490,31.618,-0.09211209,9.034327e+12,-0.00470635,406.259,73.452,2.720216e+12,1.182528e+03,2.451001e+22,20.043,0.481,3.770,243.056503
2014.10.12_18:36:00_TAI,269.8,9.480291e+21,23.600,100.140,100.630,31.643,-0.07556152,9.095040e+12,-0.00477384,408.014,74.701,2.952566e+12,1.157518e+03,2.405466e+22,19.831,0.530,4.285,244.140533
2014.10.12_18:48:00_TAI,270.0,9.393191e+21,23.509,99.946,100.427,31.219,-0.03889964,8.936748e+12,-0.00484455,403.021,74.926,2.507766e+12,1.154567e+03,2.371427e+22,19.798,0.621,4.029,248.255112
2014.10.12_19:00:00_TAI,270.2,9.403415e+21,23.303,99.873,100.270,31.132,-0.13847673,9.066914e+12,-0.00541504,409.657,83.971,3.144769e+12,1.143043e+03,2.353981e+22,19.676,0.529,4.087,251.295029
2014.10.12_19:12:00_TAI,270.4,9.391055e+21,23.419,99.950,100.282,31.032,-0.14531738,9.092421e+12,-0.00519741,408.842,80.788,2.992088e+12,1.156671e+03,2.387884e+22,19.862,0.856,3.926,250.002655
2014.10.12_19:24:00_TAI,270.6,9.152812e+21,23.232,99.901,100.248,30.794,-0.16190825,8.599030e+12,-0.00586976,391.591,88.070,3.609830e+12,1.143908e+03,2.279349e+22,19.542,0.653,3.975,250.300232
2014.10.12_19:36:00_TAI,270.8,9.090556e+21,23.251,100.998,101.260,31.205,-0.17548953,8.659071e+12,-0.00572159,392.249,85.229,3.463812e+12,1.160655e+03,2.296225e+22,19.562,0.685,3.819,247.859543
2014.10.12_19:48:00_TAI,271.0,9.001055e+21,23.231,100.962,101.168,31.287,-0.24537031,8.601853e+12,-0.00570951,390.148,83.798,3.588121e+12,1.176892e+03,2.293963e+22,19.712,0.715,3.913,244.031082
2014.10.12_20:00:00_TAI,271.2,8.906270e+21,23.286,102.932,103.074,32.266,-0.22319633,8.675364e+12,-0.00582759,398.429,83.824,3.354767e+12,1.209890e+03,2.311364e+22,19.725,0.612,3.841,243.242310
2014.10.12_20:12:00_TAI,271.4,8.702072e+21,23.319,103.080,103.179,32.244,-0.19516449,8.489015e+12,-0.00562619,390.653,78.407,3.175052e+12,1.232213e+03,2.280534e+22,19.789,0.581,3.959,239.276184
2014.10.12_20:24:00_TAI,271.6,8.614307e+21,23.220,102.767,102.934,32.087,-0.20351961,8.280976e+12,-0.00525861,381.835,72.264,2.752587e+12,1.234113e+03,2.252254e+22,19.784,0.451,3.474,240.529572
2014.10.12_20:36:00_TAI,271.8,8.480745e+21,23.156,102.846,103.171,31.985,-0.25652897,8.308492e+12,-0.00577663,385.648,77.239,3.170681e+12,1.265171e+03,2.246767e+22,19.760,0.538,3.126,237.434250
2014.10.12_20:48:00_TAI,272.0,8.453630e+21,23.232,102.191,102.414,32.077,-0.22273248,8.254494e+12,-0.00530991,377.130,71.254,3.096512e+12,1.258832e+03,2.243534e+22,19.917,0.574,3.806,235.039124
2014.10.12_21:00:00_TAI,272.2,8.353883e+21,23.420,102.868,103.191,32.648,-0.30287910,8.254282e+12,-0.00568423,380.750,74.799,3.274120e+12,1.312117e+03,2.293021e+22,20.212,0.828,3.314,232.794800
2014.10.12_21:12:00_TAI,272.4,8.433909e+21,23.331,102.339,102.835,32.326,-0.28274694,8.399419e+12,-0.00501002,384.360,66.453,2.600201e+12,1.323090e+03,2.330647e+22,20.223,0.761,3.532,234.280487
2014.10.12_21:24:00_TAI,272.6,8.545189e+21,23.539,103.513,103.866,33.181,-0.27751613,8.599221e+12,-0.00540143,393.126,72.358,3.016171e+12,1.351625e+03,2.404606e+22,20.359,0.717,3.604,235.477020
2014.10.12_21:36:00_TAI,272.8,8.528031e+21,23.535,103.503,103.742,33.216,-0.30139339,8.631143e+12,-0.00472937,390.729,63.629,2.147713e+12,1.350604e+03,2.413192e+22,20.423,0.728,2.777,235.844437
2014.10.12_21:48:00_TAI,273.0,8.628629e+21,23.719,102.500,102.681,32.685,-0.32837641,8.808362e+12,-0.00425816,394.029,58.660,2.368815e+12,1.345995e+03,2.462517e+22,20.734,0.944,2.272,233.108124
2014.10.12_22:00:00_TAI,273.2,8.637648e+21,23.772,101.222,101.545,32.752,-0.22571465,8.763088e+12,-0.00442192,387.377,61.359,2.346142e+12,1.315017e+03,2.423481e+22,20.702,0.994,3.708,234.861404
2014.10.12_22:12:00_TAI,273.4,8.749885e+21,23.780,100.239,100.325,32.748,-0.21023864,9.011186e+12,-0.00391221,395.975,55.499,1.868521e+12,1.292418e+03,2.434869e+22,20.696,0.888,3.539,229.155304
2014.10.12_22:24:00_TAI,273.6,8.772149e+21,23.759,99.790,99.836,32.324,-0.22674648,9.007445e+12,-0.00424726,395.039,60.910,2.236349e+12,1.278407e+03,2.434787e+22,20.702,0.886,3.334,225.176437
2014.10.12_22:36:00_TAI,273.8,8.793744e+21,23.931,99.183,99.113,32.522,-0.14111803,9.107057e+12,-0.00363302,391.434,52.795,1.437983e+12,1.269796e+03,2.450766e+22,20.989,1.039,3.022,221.399124
